0.100548 0.183473 0.040570 0.041317
0.141118 0.183473 0.045285 0.041317
0.186404 0.183473 0.032346 0.041317
0.218750 0.183473 0.045285 0.041317
0.264035 0.183473 0.071162 0.041317
0.335197 0.183473 0.032346 0.041317
0.367544 0.183473 0.038816 0.041317
0.406360 0.183473 0.032346 0.041317
0.438706 0.183473 0.038816 0.041317
0.522807 0.183473 0.038816 0.041317
0.561623 0.183473 0.038816 0.041317
0.600439 0.183473 0.032346 0.041317
0.632785 0.183473 0.032346 0.041317
0.665132 0.183473 0.045285 0.041317
0.710417 0.183473 0.032346 0.041317
0.742763 0.183473 0.045285 0.041317
0.788048 0.183473 0.025877 0.041317
0.813925 0.183473 0.045285 0.041317
0.859211 0.183473 0.032346 0.041317
0.891557 0.183333 0.009485 0.041667
0.220833 0.194678 0.017782 0.035014
0.739912 0.194678 0.021472 0.035014
0.857923 0.191860 0.034511 0.024709
0.892434 0.191877 0.034539 0.024510
0.058080 0.291563 0.028380 0.036546
0.086039 0.291311 0.033972 0.035965
0.119590 0.291059 0.033972 0.035965
0.186692 0.290554 0.033972 0.035965
0.220244 0.290344 0.028380 0.035923
0.248203 0.290092 0.033972 0.035965
0.281754 0.289798 0.039564 0.036007
0.608070 0.284677 0.038799 0.040998
0.646226 0.285062 0.032438 0.040934
0.678022 0.285382 0.026079 0.040869
0.703458 0.285639 0.032438 0.040934
0.735254 0.285959 0.045156 0.041062
0.779768 0.286408 0.032438 0.040934
0.811564 0.286729 0.038797 0.040998
0.849719 0.287113 0.019720 0.040805
0.868796 0.287306 0.026079 0.040869
0.894233 0.287562 0.032438 0.040934
0.926028 0.287883 0.012350 0.040812
0.058288 0.388081 0.020036 0.017442
0.092896 0.388081 0.018215 0.020349
0.241003 0.385892 0.079900 0.021342
0.490132 0.385154 0.016244 0.035014
0.657407 0.384327 0.082196 0.038295
0.738753 0.383649 0.047333 0.037787
0.837530 0.382208 0.047333 0.037787
0.884014 0.381614 0.041523 0.037702
0.924687 0.381426 0.013789 0.037784
0.253188 0.481092 0.033216 0.042163
0.286404 0.481092 0.026316 0.042017
0.312719 0.481092 0.026316 0.042017
0.339035 0.481092 0.032895 0.042017
0.371930 0.481092 0.026316 0.042017
0.398246 0.481092 0.032895 0.042017
0.464035 0.481092 0.026316 0.042017
0.490351 0.481092 0.026316 0.042017
0.516667 0.481092 0.039474 0.042017
0.556140 0.481092 0.032895 0.042017
0.589035 0.481092 0.039474 0.042017
0.628509 0.481092 0.026316 0.042017
0.654825 0.481092 0.032895 0.042017
0.687719 0.481092 0.026316 0.042017
0.714035 0.481092 0.032895 0.042017
0.746930 0.481092 0.019737 0.042017
0.766667 0.481092 0.032895 0.042017
0.799561 0.481092 0.032895 0.042017
0.832456 0.481092 0.032895 0.042017
0.865351 0.481092 0.032895 0.042017
0.898246 0.481092 0.026316 0.042017
0.924561 0.481092 0.013508 0.042163
0.145719 0.582633 0.037175 0.023810
0.182895 0.582633 0.015648 0.023810
0.287796 0.584302 0.018215 0.021802
0.364299 0.585756 0.018215 0.017442
0.400729 0.587209 0.014572 0.020349
0.444444 0.584302 0.018215 0.026163
0.541447 0.582633 0.089035 0.020308
0.665461 0.582633 0.015778 0.020565
0.710383 0.579832 0.037644 0.026611
0.748026 0.579832 0.013358 0.026611
0.061931 0.665698 0.038508 0.040885
0.100439 0.665966 0.031798 0.040616
0.132237 0.665966 0.044518 0.040616
0.176754 0.665966 0.069956 0.040616
0.246711 0.665966 0.031798 0.040616
0.278509 0.665966 0.031798 0.040616
0.310307 0.665966 0.038158 0.040616
0.348465 0.665966 0.031798 0.040616
0.380263 0.665966 0.044518 0.040616
0.424781 0.665966 0.031798 0.040616
0.456579 0.665966 0.031798 0.040616
0.488377 0.665966 0.031798 0.040616
0.520175 0.665966 0.057237 0.040616
0.577412 0.665966 0.031798 0.040616
0.609211 0.665966 0.031798 0.040616
0.641009 0.665966 0.038158 0.040616
0.679167 0.665966 0.025439 0.040616
0.704605 0.665966 0.038158 0.040616
0.742763 0.665966 0.038158 0.040616
0.780921 0.665698 0.022358 0.040885
0.819672 0.675872 0.029144 0.023256
0.845173 0.675872 0.030965 0.018895
0.885246 0.677326 0.051002 0.015988
0.211293 0.765988 0.040900 0.043605
0.252193 0.766106 0.033991 0.043417
0.286184 0.766106 0.027193 0.043417
0.313377 0.766106 0.033991 0.043417
0.347368 0.766106 0.033991 0.043417
0.381360 0.766106 0.033991 0.043417
0.415351 0.766106 0.061184 0.043417
0.476535 0.766106 0.027193 0.043417
0.503728 0.766106 0.033991 0.043417
0.537719 0.766106 0.033991 0.043417
0.571711 0.766106 0.033991 0.043417
0.605702 0.766106 0.033991 0.043417
0.639693 0.766106 0.033991 0.043417
0.673684 0.766106 0.047588 0.043417
0.721272 0.766106 0.027193 0.043417
0.748465 0.766106 0.027193 0.043417
0.775658 0.766106 0.027193 0.043417
0.802851 0.766106 0.033991 0.043417
0.836842 0.766106 0.033991 0.043417
0.925219 0.765988 0.014671 0.043605
0.058288 0.857558 0.048730 0.045103
0.107018 0.857843 0.035088 0.044818
0.142105 0.857843 0.035088 0.044818
0.177193 0.857843 0.035088 0.044818
0.212281 0.857843 0.035088 0.044818
0.247368 0.857843 0.028070 0.044818
0.275439 0.857843 0.056140 0.044818
0.331579 0.857843 0.028070 0.044818
0.359649 0.857843 0.035088 0.044818
0.394737 0.857843 0.028070 0.044818
0.478947 0.857843 0.028070 0.044818
0.507018 0.857843 0.035088 0.044818
0.542105 0.857843 0.035088 0.044818
0.577193 0.857843 0.056140 0.044818
0.633333 0.857843 0.063158 0.044818
0.696491 0.857843 0.028070 0.044818
0.724561 0.857843 0.028070 0.044818
0.752632 0.857843 0.028070 0.044818
0.780702 0.857843 0.056140 0.044818
0.836842 0.857843 0.035088 0.044818
0.921053 0.857558 0.018838 0.045103