0.119373 0.103198 0.010256 0.014535
0.078189 0.103198 0.010415 0.014535
0.141975 0.149709 0.020576 0.010174
0.599905 0.146802 0.035897 0.017442
0.450617 0.146802 0.011681 0.017442
0.693416 0.146802 0.047325 0.015988
0.911800 0.143895 0.020299 0.023256
0.866255 0.143895 0.021186 0.023256
0.199588 0.286337 0.010003 0.018895
0.570960 0.277616 0.025748 0.027616
0.539016 0.278059 0.030556 0.027174
0.890947 0.284884 0.041152 0.018895
0.725795 0.355072 0.033440 0.019928
0.888889 0.354651 0.041152 0.018895
0.494789 0.422965 0.054594 0.020349
0.853866 0.562500 0.076175 0.018895
0.794251 0.562676 0.059615 0.018720
0.734635 0.562676 0.059615 0.018720
0.698204 0.562676 0.036432 0.018720
0.638588 0.562676 0.059615 0.018720
0.582285 0.562676 0.056303 0.018720
0.522669 0.562676 0.059615 0.018720
0.486238 0.562676 0.036432 0.018720
0.426622 0.562676 0.059615 0.018720
0.367007 0.562676 0.059615 0.018720
0.307392 0.562676 0.059615 0.018720
0.086420 0.704942 0.028807 0.013081
0.910735 0.700390 0.019381 0.021868
0.818855 0.700771 0.018954 0.021804
0.120165 0.774709 0.044444 0.015988
0.329020 0.771802 0.033120 0.018895
0.305836 0.771978 0.023184 0.018720
0.889961 0.842391 0.040382 0.019397
0.861765 0.841906 0.028841 0.019199