0.060215 0.139306 0.045775 0.016417
0.105990 0.139306 0.023043 0.016417
0.129032 0.137899 0.038329 0.024892
0.169184 0.137899 0.022214 0.024892
0.210764 0.139306 0.034722 0.023452
0.245486 0.139306 0.013021 0.023452
0.293229 0.139306 0.043403 0.023452
0.336632 0.139306 0.039062 0.023452
0.572043 0.137899 0.048790 0.026345
0.688889 0.137899 0.034028 0.026266
0.722917 0.137899 0.023320 0.026345
0.066667 0.218023 0.038542 0.017442
0.179080 0.218105 0.025694 0.017355
0.204774 0.218105 0.036719 0.017355
0.254774 0.218023 0.039849 0.017442
0.360918 0.215157 0.045852 0.027610
0.436438 0.215837 0.035777 0.027520
0.471678 0.216155 0.035777 0.027520
0.506918 0.216472 0.025709 0.027429
0.532090 0.216699 0.020674 0.027384
0.552227 0.216881 0.035777 0.027520
0.587467 0.217198 0.040812 0.027565
0.688152 0.218105 0.030743 0.027474
0.718358 0.218378 0.040812 0.027565
0.758632 0.218741 0.030743 0.027474
0.788838 0.219013 0.040812 0.027565
0.064516 0.296435 0.036873 0.024859
0.179601 0.296435 0.027604 0.024859
0.207205 0.296435 0.032205 0.024859
0.239410 0.296435 0.046007 0.024859
0.285417 0.296435 0.036806 0.024859
0.322222 0.296435 0.036806 0.024859
0.359028 0.296435 0.027604 0.024859
0.386632 0.296435 0.013368 0.024859
0.166667 0.287500 0.041667 0.037547
0.319444 0.287523 0.062500 0.037523
0.381944 0.287523 0.041667 0.037523
0.423611 0.287523 0.027778 0.037523
0.451389 0.287523 0.034722 0.037523
0.486111 0.287523 0.034722 0.037523
0.611111 0.287523 0.034722 0.037523
0.673611 0.287523 0.034722 0.037523
0.708333 0.287523 0.027778 0.037523
0.736111 0.287523 0.041667 0.037523
0.777778 0.287523 0.069444 0.037523
0.847222 0.287523 0.041667 0.037523
0.888889 0.287523 0.034722 0.037523
0.923611 0.287500 0.020833 0.037547
0.063955 0.390041 0.040213 0.022081
0.177163 0.392910 0.032400 0.021884
0.208391 0.393702 0.028496 0.021785
0.235715 0.394394 0.036303 0.021983
0.270847 0.395285 0.020098 0.021707
0.365591 0.395349 0.038228 0.017442
0.587057 0.395451 0.040357 0.027670
0.657543 0.395371 0.030288 0.027245
0.758237 0.395237 0.030288 0.027245
0.788445 0.395193 0.033100 0.027616
0.063911 0.498860 0.043684 0.023690
0.185435 0.499528 0.030663 0.023618
0.215816 0.499695 0.035004 0.023642
0.250537 0.499886 0.027203 0.023601
0.593548 0.498547 0.041521 0.015994
0.677419 0.501407 0.038726 0.011726
0.759140 0.500000 0.046069 0.013133
0.827083 0.500000 0.011626 0.013133
0.860215 0.498547 0.025896 0.018895
0.886806 0.498547 0.048678 0.018895
0.068817 0.597384 0.037606 0.014718
0.181771 0.597561 0.032292 0.014540
0.219014 0.595925 0.047415 0.027757
0.267974 0.596509 0.042371 0.027697
0.309634 0.597005 0.040982 0.027680
0.349906 0.597485 0.035948 0.027620
0.420381 0.598325 0.030914 0.027560
0.450585 0.598685 0.014273 0.027774
0.576344 0.594278 0.039541 0.030722
0.649740 0.594278 0.028212 0.030488
0.677951 0.594278 0.033854 0.030488
0.711806 0.594278 0.039497 0.030488
0.751302 0.594278 0.033854 0.030488
0.785156 0.594278 0.012693 0.030722
0.797849 0.597384 0.041387 0.016125
0.868817 0.598837 0.020158 0.014671
0.888889 0.598837 0.018638 0.014671
0.066667 0.688953 0.036979 0.033430
0.171441 0.689024 0.030816 0.033302
0.202257 0.689024 0.024653 0.033302
0.226910 0.689024 0.036979 0.033302
0.263889 0.689024 0.036979 0.033302
0.300868 0.689024 0.055469 0.033302
0.356337 0.689024 0.030816 0.033302
0.387153 0.689024 0.030816 0.033302
0.417969 0.688953 0.014289 0.033430
0.443011 0.696060 0.027823 0.017824
0.471354 0.696060 0.025420 0.017824
0.500861 0.693965 0.038637 0.019173
0.539053 0.694379 0.035163 0.019135
0.573771 0.694755 0.035163 0.019135
0.639734 0.695469 0.009942 0.018996
0.664516 0.696060 0.030970 0.016149
0.695660 0.696060 0.018319 0.016149
0.733333 0.697467 0.030990 0.014742
0.764236 0.697467 0.018560 0.014742
0.066667 0.792151 0.043056 0.014603
0.169892 0.792151 0.043011 0.014535
0.264516 0.789244 0.075414 0.029236
0.351234 0.778200 0.067989 0.031288
0.539785 0.792151 0.037472 0.014603
0.577257 0.792151 0.009840 0.014603
0.761290 0.792151 0.017204 0.014535
0.804301 0.790698 0.020525 0.016057
0.384946 0.882267 0.009498 0.013136
0.394444 0.882267 0.007706 0.013136
0.602151 0.898256 0.023656 0.015988
0.713978 0.899709 0.023656 0.011628
0.733333 0.899709 0.021505 0.011628