0.052941 0.129032 0.039822 0.037841
0.186404 0.129032 0.026754 0.037841
0.213158 0.129032 0.033443 0.037841
0.373684 0.129032 0.040132 0.037841
0.413816 0.129032 0.026754 0.037841
0.440570 0.129032 0.020066 0.037841
0.487390 0.129032 0.020066 0.037841
0.507456 0.129032 0.033443 0.037841
0.540899 0.129032 0.060197 0.037841
0.601097 0.129032 0.026754 0.037841
0.627851 0.129032 0.033443 0.037841
0.688048 0.129032 0.026754 0.037841
0.714803 0.129032 0.053509 0.037841
0.768311 0.129032 0.026754 0.037841
0.795066 0.129032 0.033443 0.037841
0.922149 0.129032 0.013145 0.037841
0.128180 0.191687 0.058772 0.041563
0.186952 0.191687 0.066118 0.041563
0.253070 0.191687 0.051425 0.041563
0.458772 0.191687 0.029386 0.041563
0.561623 0.191687 0.058772 0.041563
0.620395 0.191687 0.058772 0.041563
0.679167 0.191687 0.051425 0.041563
0.730592 0.191687 0.058772 0.041563
0.818750 0.191687 0.044079 0.041563
0.862829 0.191667 0.078348 0.041667
0.052941 0.312500 0.040261 0.046061
0.125658 0.312655 0.081140 0.045906
0.206798 0.312655 0.032456 0.045906
0.239254 0.312655 0.032456 0.045906
0.271711 0.312655 0.032456 0.045906
0.304167 0.312655 0.032456 0.045906
0.336623 0.312655 0.032456 0.045906
0.369079 0.312655 0.056798 0.045906
0.425877 0.312655 0.032456 0.045906
0.458333 0.312655 0.024342 0.045906
0.482675 0.312655 0.040570 0.045906
0.523246 0.312655 0.040570 0.045906
0.563816 0.312655 0.024342 0.045906
0.588158 0.312655 0.024342 0.045906
0.612500 0.312655 0.026096 0.045906
0.643202 0.312655 0.026096 0.045906
0.669298 0.312655 0.032456 0.045906
0.701754 0.312655 0.034211 0.045906
0.740570 0.312655 0.091009 0.045906
0.831579 0.312655 0.024342 0.045906
0.855921 0.312655 0.040570 0.045906
0.896491 0.312500 0.038803 0.046061
0.047059 0.375000 0.037042 0.041873
0.084101 0.375310 0.036732 0.041563
0.120833 0.375310 0.066118 0.041563
0.186952 0.375310 0.044079 0.041563
0.231031 0.375310 0.029386 0.041563
0.260417 0.375310 0.066118 0.041563
0.326535 0.375310 0.053180 0.041563
0.383553 0.375310 0.089912 0.041563
0.473465 0.375310 0.058772 0.041563
0.532237 0.375310 0.029386 0.041563
0.561623 0.375310 0.066118 0.041563
0.708553 0.375310 0.095504 0.041563
0.804057 0.375310 0.066118 0.041563
0.870175 0.375310 0.051425 0.041563
0.921601 0.375000 0.019576 0.041873
0.057495 0.441687 0.040203 0.020522
0.118465 0.437472 0.054242 0.030025
0.173392 0.438376 0.038778 0.029771
0.211210 0.438998 0.028474 0.029601
0.240369 0.439478 0.025076 0.029545
0.266130 0.439902 0.033626 0.029686
0.298796 0.440440 0.021568 0.029488
0.319405 0.440779 0.042176 0.029827
0.360622 0.441458 0.042176 0.029827
0.401839 0.442136 0.032117 0.029939
0.609856 0.446030 0.051438 0.021993
0.747807 0.446030 0.016053 0.021993
0.052941 0.495658 0.036423 0.041842
0.118750 0.495658 0.044079 0.041563
0.162829 0.495658 0.022039 0.041563
0.184868 0.495658 0.022039 0.041563
0.206908 0.495658 0.029386 0.041563
0.236294 0.495658 0.029386 0.041563
0.295066 0.495658 0.038487 0.041563
0.337390 0.495658 0.038487 0.041563
0.375877 0.495658 0.029386 0.041563
0.405263 0.495658 0.029386 0.041563
0.515461 0.495658 0.022039 0.041563
0.537500 0.495658 0.022039 0.041563
0.559539 0.495658 0.036732 0.041563
0.625658 0.495658 0.022039 0.041563
0.647697 0.495658 0.029386 0.041563
0.677083 0.495658 0.022039 0.041563
0.699123 0.495658 0.029386 0.041563
0.728509 0.495658 0.029386 0.041563
0.757895 0.495658 0.022039 0.041563
0.779934 0.495658 0.029386 0.041563
0.809320 0.495658 0.029386 0.041563
0.838706 0.495658 0.014693 0.041563
0.875439 0.495658 0.036326 0.041842
0.052941 0.553970 0.043769 0.041863
0.133443 0.553970 0.073465 0.041563
0.206908 0.553970 0.029386 0.041563
0.236294 0.553970 0.036732 0.041563
0.273026 0.553970 0.029386 0.041563
0.302412 0.553970 0.044079 0.041563
0.346491 0.553970 0.073465 0.041563
0.419956 0.553970 0.044079 0.041563
0.464035 0.553970 0.029386 0.041563
0.493421 0.553970 0.029386 0.041563
0.522807 0.553970 0.031140 0.041563
0.557785 0.553970 0.045833 0.041563
0.603618 0.553970 0.036732 0.041563
0.640351 0.553970 0.029386 0.041563
0.669737 0.553970 0.029386 0.041563
0.699123 0.553970 0.044079 0.041563
0.743202 0.553970 0.022039 0.041563
0.765241 0.553970 0.029386 0.041563
0.794627 0.553970 0.036732 0.041563
0.831360 0.553970 0.029386 0.041563
0.860746 0.553970 0.029386 0.041563
0.890132 0.553970 0.036732 0.041563
0.926864 0.553970 0.014312 0.041863