0.125257 0.085756 0.014374 0.011628
0.125257 0.100291 0.014374 0.011628
0.289528 0.145161 0.059485 0.019231
0.348904 0.145161 0.022149 0.019231
0.478439 0.142442 0.016427 0.023256
0.628337 0.140819 0.049733 0.023573
0.715570 0.140819 0.033333 0.023573
0.782237 0.140819 0.037500 0.023573
0.819737 0.140819 0.037500 0.023573
0.857237 0.140819 0.037500 0.023573
0.894737 0.140819 0.033333 0.023573
0.072807 0.271712 0.013158 0.024814
0.104723 0.277616 0.016427 0.020349
0.133470 0.272953 0.024863 0.023573
0.170833 0.272953 0.016667 0.023573
0.187500 0.272953 0.029167 0.023573
0.216667 0.272953 0.033333 0.023573
0.250000 0.272953 0.029167 0.023573
0.279167 0.272953 0.025000 0.023573
0.391667 0.272953 0.025000 0.023573
0.416667 0.272953 0.029167 0.023573
0.445833 0.272953 0.029167 0.023573
0.475000 0.272953 0.029167 0.023573
0.504167 0.272953 0.037500 0.023573
0.541667 0.272953 0.025000 0.023573
0.566667 0.272953 0.025000 0.023573
0.591667 0.272953 0.029167 0.023573
0.650000 0.272953 0.025000 0.023573
0.675000 0.272953 0.020833 0.023573
0.695833 0.272953 0.012586 0.023573
0.722793 0.276055 0.028962 0.020471
0.751754 0.276055 0.014159 0.020471
0.769847 0.271195 0.034565 0.024708
0.804062 0.271442 0.030282 0.024408
0.893860 0.272090 0.034558 0.024439
0.139630 0.403846 0.035370 0.022333
0.175000 0.403846 0.013912 0.022333
0.207392 0.401163 0.025941 0.025016
0.259649 0.401163 0.011398 0.025016
0.351129 0.393895 0.013783 0.010174
0.364912 0.393895 0.006751 0.010174
0.289528 0.409884 0.028747 0.015988
0.314168 0.409884 0.016427 0.014535
0.503080 0.405523 0.065560 0.020655
0.637390 0.405707 0.052412 0.020471
0.689912 0.405523 0.020560 0.020655
0.726899 0.408189 0.024855 0.016230
0.751096 0.408189 0.016871 0.016230
0.870637 0.405523 0.021907 0.018895
0.892325 0.405523 0.021433 0.018895
0.057495 0.534739 0.031102 0.024854
0.088596 0.534739 0.026316 0.024814
0.114912 0.534739 0.030702 0.024814
0.207018 0.534739 0.021930 0.024814
0.228947 0.534739 0.030702 0.024814
0.294737 0.534739 0.026316 0.024814
0.321053 0.534739 0.021930 0.024814
0.356140 0.534739 0.021930 0.024814
0.378070 0.534739 0.026316 0.024814
0.404386 0.534739 0.030702 0.024814
0.435088 0.534739 0.026316 0.024814
0.461404 0.534739 0.030702 0.024814
0.518421 0.534739 0.026316 0.024814
0.544737 0.534739 0.017544 0.024814
0.584211 0.534739 0.021930 0.024814
0.606140 0.534739 0.026316 0.024814
0.632456 0.534739 0.017544 0.024814
0.671930 0.534739 0.021930 0.024814
0.693860 0.534739 0.012506 0.024854
0.756579 0.539082 0.017105 0.017370
0.773246 0.539082 0.017309 0.017604
0.058824 0.633333 0.039422 0.037500
0.190351 0.633375 0.026316 0.037221
0.216667 0.633375 0.032895 0.037221
0.249561 0.633375 0.026316 0.037221
0.275877 0.633375 0.013158 0.037221
0.289035 0.633375 0.026316 0.037221
0.315351 0.633375 0.032895 0.037221
0.348246 0.633375 0.013158 0.037221
0.381140 0.633375 0.019737 0.037221
0.400877 0.633375 0.019737 0.037221
0.446930 0.633375 0.019737 0.037221
0.466667 0.633375 0.026316 0.037221
0.492982 0.633375 0.026316 0.037221
0.539035 0.633375 0.059211 0.037221
0.598246 0.633375 0.026316 0.037221
0.624561 0.633375 0.032895 0.037221
0.657456 0.633375 0.032895 0.037221
0.690351 0.633375 0.026316 0.037221
0.716667 0.633375 0.032895 0.037221
0.749561 0.633375 0.026316 0.037221
0.775877 0.633375 0.026316 0.037221
0.802193 0.633375 0.032895 0.037221
0.867982 0.633375 0.032895 0.037221
0.900877 0.633375 0.026316 0.037221
0.927193 0.633333 0.008101 0.037500
0.256908 0.727047 0.019189 0.021712
0.355236 0.723837 0.026343 0.024922
0.535934 0.725186 0.032596 0.020471
0.579386 0.725186 0.011990 0.020471
0.753593 0.725186 0.032481 0.020471
0.786075 0.725186 0.012693 0.020471
0.817248 0.729651 0.016427 0.015988
0.063655 0.812500 0.020534 0.018895
0.100616 0.815136 0.032059 0.017990
0.132675 0.815136 0.013115 0.017990
0.155887 0.813850 0.070866 0.017879
0.364653 0.815358 0.035880 0.017979
0.396304 0.809553 0.028806 0.021842
0.425439 0.809553 0.022200 0.021842
0.521561 0.813896 0.027453 0.020471
0.549123 0.813896 0.023772 0.020471
0.613963 0.813953 0.016427 0.017442
0.787939 0.812655 0.036184 0.018610