0.211401 0.117672 0.030960 0.030586
0.242361 0.117672 0.025000 0.030586
0.267361 0.117672 0.037500 0.030586
0.304861 0.117672 0.025000 0.030586
0.329861 0.117672 0.031250 0.030586
0.361111 0.117672 0.025000 0.030586
0.386111 0.117672 0.031250 0.030586
0.417361 0.117672 0.026389 0.030586
0.447222 0.117672 0.032639 0.030586
0.479861 0.117672 0.018750 0.030586
0.498611 0.117672 0.025000 0.030586
0.523611 0.117672 0.018750 0.030586
0.561111 0.117672 0.025000 0.030586
0.586111 0.117672 0.031250 0.030586
0.617361 0.117672 0.025000 0.030586
0.642361 0.117672 0.037500 0.030586
0.679861 0.117672 0.025000 0.030586
0.704861 0.117672 0.025000 0.030586
0.729861 0.117672 0.031250 0.030586
0.761111 0.117672 0.025000 0.030586
0.786111 0.117672 0.031250 0.030586
0.817361 0.117672 0.025000 0.030586
0.842361 0.117672 0.031250 0.030586
0.873611 0.117672 0.025000 0.030586
0.898611 0.117672 0.032639 0.030586
0.934722 0.117672 0.013021 0.030586
0.187648 0.214953 0.042560 0.017605
0.230208 0.214953 0.026324 0.017605
0.605043 0.295026 0.033083 0.026508
0.636802 0.295633 0.033079 0.026508
0.668558 0.296240 0.043664 0.026710
0.710898 0.297050 0.033079 0.026508
0.742653 0.297657 0.043664 0.026710
0.784994 0.298467 0.033079 0.026508
0.816749 0.299074 0.038371 0.026609
0.853797 0.299782 0.038371 0.026609
0.890845 0.300491 0.043664 0.026710
0.185273 0.390824 0.027227 0.022090
0.212500 0.390824 0.028472 0.022090
0.242708 0.390824 0.028472 0.022090
0.271181 0.390824 0.027083 0.022090
0.298264 0.390824 0.023958 0.022090
0.323958 0.390824 0.032986 0.022090
0.356944 0.390824 0.031597 0.022090
0.388542 0.390824 0.027083 0.022090
0.415625 0.390824 0.031597 0.022090
0.447222 0.390824 0.027083 0.022090
0.474306 0.390824 0.026882 0.022090
0.501188 0.390824 0.048639 0.026338
0.549826 0.390824 0.021528 0.026338
0.598264 0.390824 0.026910 0.026338
0.625174 0.390824 0.026910 0.026338
0.652083 0.390824 0.032292 0.026338
0.684375 0.390824 0.032292 0.026338
0.716667 0.390824 0.021528 0.026338
0.738194 0.390824 0.037674 0.026338
0.813542 0.390824 0.021528 0.026338
0.835069 0.390824 0.037674 0.026338
0.872743 0.390824 0.016146 0.026338
0.905035 0.390824 0.032292 0.026338
0.252865 0.486831 0.022670 0.013169
0.292162 0.482558 0.039783 0.018895
0.332986 0.482558 0.032810 0.018895
0.631829 0.486831 0.023206 0.016143
0.710214 0.484012 0.047506 0.018895
0.887500 0.485465 0.057868 0.014535
0.142518 0.571221 0.032222 0.021812
0.213194 0.571368 0.032378 0.021665
0.247222 0.571368 0.036806 0.021665
0.284028 0.571368 0.035417 0.021665
0.319444 0.571368 0.030990 0.021665
0.350434 0.571368 0.035417 0.021665
0.385851 0.571368 0.030990 0.021665
0.416840 0.571368 0.039844 0.021665
0.478819 0.571368 0.039844 0.021665
0.562934 0.571221 0.011888 0.021812
0.591449 0.569669 0.037718 0.030622
0.629167 0.569669 0.037500 0.030586
0.666667 0.569669 0.025000 0.030586
0.691667 0.569669 0.026389 0.030586
0.721528 0.569669 0.038889 0.030586
0.760417 0.569669 0.037500 0.030586
0.797917 0.569669 0.031250 0.030586
0.829167 0.569669 0.031250 0.030586
0.860417 0.569669 0.037500 0.030586
0.897917 0.569669 0.037500 0.030586
0.935417 0.569669 0.012327 0.030622
0.066101 0.643794 0.075730 0.031324
0.197336 0.642776 0.056983 0.031092
0.253580 0.642437 0.038235 0.030922
0.291076 0.641985 0.050734 0.031035
0.341070 0.641816 0.019487 0.030752
0.359818 0.641646 0.019487 0.030752
0.416062 0.641025 0.031986 0.030865
0.447309 0.640685 0.038235 0.030922
0.484805 0.640233 0.050734 0.031035
0.534799 0.639894 0.038235 0.030922
0.572295 0.639499 0.044484 0.030978
0.616040 0.639273 0.025736 0.030809
0.641038 0.638934 0.038235 0.030922
0.678534 0.638538 0.044484 0.030978
0.722279 0.638255 0.031986 0.030865
0.753525 0.637860 0.044484 0.030978
0.797271 0.637351 0.056983 0.031092
0.853515 0.637012 0.038235 0.030922
0.891010 0.636616 0.044484 0.030978
0.934756 0.636480 0.015784 0.030719
0.344418 0.719477 0.054632 0.018895
0.526835 0.715090 0.035592 0.024825
0.562076 0.715277 0.036980 0.024833
0.600964 0.715484 0.031946 0.024806
0.632560 0.715652 0.025568 0.024842
0.679335 0.714953 0.045925 0.025064
0.725260 0.714953 0.040972 0.025064
0.766233 0.714953 0.040972 0.025064
0.807205 0.714953 0.046094 0.025064
0.853299 0.714953 0.035851 0.025064
0.889149 0.714953 0.037240 0.025064
0.053897 0.768548 0.051997 0.042067
0.138959 0.769282 0.043490 0.041994
0.207008 0.769869 0.034984 0.041921
0.241032 0.770163 0.026478 0.041847
0.266550 0.770383 0.043490 0.041994
0.309081 0.770750 0.026478 0.041847
0.334599 0.770970 0.034984 0.041921
0.368624 0.771263 0.034984 0.041921
0.402648 0.771557 0.034984 0.041921
0.436672 0.771850 0.034984 0.041921
0.470697 0.772144 0.034984 0.041921
0.504721 0.772438 0.017972 0.041774
0.521733 0.772584 0.043490 0.041994
0.606794 0.773318 0.034984 0.041921
0.640819 0.773612 0.034984 0.041921
0.674843 0.773905 0.034984 0.041921
0.708868 0.774199 0.026478 0.041847
0.896002 0.775813 0.034984 0.041921
0.930026 0.776107 0.023092 0.041967
0.287411 0.877907 0.036721 0.024812
0.326389 0.878080 0.048090 0.024639
0.376736 0.878080 0.026562 0.024639
0.403299 0.878080 0.045313 0.024639
0.448611 0.878080 0.040278 0.024639
0.488889 0.878080 0.045313 0.024639
0.534201 0.878080 0.040278 0.024639
0.574479 0.878080 0.056771 0.024639
0.633507 0.877907 0.026826 0.024812
0.693587 0.882267 0.057007 0.018895
0.880729 0.883602 0.024259 0.019116
0.095012 0.949023 0.039624 0.027721
0.134635 0.949023 0.039497 0.027613
0.174132 0.949023 0.016927 0.027613
0.191059 0.949023 0.028212 0.027613
0.219271 0.949023 0.028212 0.027613
0.247483 0.949023 0.028212 0.027613
0.275694 0.949023 0.028212 0.027613
0.303906 0.949023 0.033854 0.027613
0.337760 0.949023 0.039497 0.027613
0.399826 0.949023 0.033854 0.027613
0.507031 0.949023 0.022569 0.027613
0.529601 0.949023 0.033854 0.027613
0.563455 0.949023 0.022569 0.027613
0.586024 0.949023 0.028212 0.027613
0.614236 0.949023 0.028212 0.027613
0.642448 0.949023 0.028212 0.027613
0.670660 0.949023 0.028212 0.027613
0.698872 0.949023 0.033854 0.027613
0.732726 0.949023 0.039497 0.027613
0.772222 0.949023 0.022569 0.027613
0.794792 0.949023 0.033854 0.027613