0.105121 0.052727 0.016173 0.010909
0.793801 0.056364 0.015162 0.016364
0.808962 0.056364 0.017857 0.016364
0.842318 0.056364 0.012129 0.016364
0.927224 0.056364 0.012129 0.016364
0.061995 0.118182 0.021226 0.012727
0.083221 0.118182 0.025943 0.012727
0.109164 0.118182 0.047170 0.012727
0.156334 0.118182 0.023585 0.012727
0.253032 0.118182 0.033019 0.012727
0.309636 0.118182 0.049528 0.012727
0.359164 0.118182 0.023585 0.012727
0.455863 0.118182 0.023585 0.012727
0.479447 0.118182 0.025943 0.012727
0.505391 0.118182 0.047170 0.012727
0.552561 0.118182 0.023585 0.012727
0.040261 0.143051 0.027252 0.018383
0.117750 0.143632 0.020514 0.018332
0.137964 0.143784 0.027252 0.018383
0.212083 0.144339 0.023883 0.018357
0.235667 0.144516 0.033990 0.018433
0.299679 0.144996 0.027252 0.018383
0.326632 0.145198 0.023883 0.018357
0.350215 0.145375 0.030621 0.018408
0.441180 0.146056 0.023883 0.018357
0.464763 0.146233 0.026578 0.018378
0.518668 0.146637 0.027252 0.018383
0.545621 0.146839 0.020514 0.018332
0.565835 0.146991 0.020514 0.018332
0.599526 0.147243 0.023883 0.018357
0.623109 0.147420 0.027252 0.018383
0.650062 0.147622 0.018573 0.018337
0.865229 0.149091 0.016173 0.010909
0.040431 0.180000 0.033693 0.018182
0.165094 0.180000 0.030323 0.018182
0.229111 0.180000 0.026954 0.018182
0.276280 0.180000 0.030323 0.018182
0.320081 0.180000 0.023585 0.018182
0.343666 0.180000 0.012129 0.018182
0.385445 0.181818 0.033019 0.016364
0.455189 0.181818 0.048518 0.016364
0.503706 0.181818 0.033356 0.016364
0.561321 0.181818 0.015162 0.016364
0.576482 0.181818 0.027291 0.016364
0.625000 0.181818 0.024259 0.016364
0.673518 0.181818 0.027291 0.016364
0.722035 0.181818 0.027291 0.016364
0.764488 0.181818 0.021226 0.016364
0.785714 0.181818 0.018194 0.016364
0.803908 0.181818 0.048518 0.016364
0.852426 0.181818 0.030323 0.016364
0.043127 0.247273 0.024259 0.016364
0.067385 0.247273 0.024259 0.016364
0.091644 0.247273 0.018194 0.016364
0.109838 0.247273 0.048518 0.016364
0.158356 0.247273 0.026954 0.016364
0.212938 0.247273 0.037736 0.016364
0.258760 0.247273 0.027291 0.016364
0.310310 0.247273 0.015162 0.016364
0.325472 0.247273 0.045148 0.016364
0.368261 0.247273 0.026954 0.016364
0.407345 0.247273 0.024259 0.016364
0.431604 0.247273 0.015162 0.016364
0.446765 0.247273 0.045148 0.016364
0.489555 0.247273 0.035714 0.016364
0.561995 0.247273 0.015162 0.016364
0.577156 0.247273 0.027291 0.016364
0.611860 0.247273 0.033019 0.018182
0.672507 0.247273 0.016846 0.018182
0.689353 0.247273 0.026280 0.018182
0.736523 0.247273 0.030323 0.018182
0.776954 0.247273 0.026954 0.018182
0.803908 0.247273 0.026954 0.018182
0.851078 0.247273 0.033693 0.018182
0.040431 0.314545 0.037062 0.020000
0.077493 0.314545 0.033356 0.020000
0.110849 0.314545 0.022237 0.020000
0.133086 0.314545 0.007412 0.020000
0.155323 0.314545 0.033356 0.020000
0.218329 0.314545 0.029650 0.020000
0.266509 0.314545 0.029650 0.020000
0.310984 0.314545 0.022237 0.020000
0.333221 0.314545 0.025943 0.020000
0.385108 0.314545 0.029650 0.020000
0.444407 0.314545 0.029650 0.020000
0.496294 0.314545 0.029650 0.020000
0.551887 0.314545 0.018531 0.020000
0.570418 0.314545 0.011792 0.020000
0.614555 0.316364 0.035377 0.012727
0.682951 0.316364 0.047507 0.012727
0.727763 0.314545 0.036388 0.016364
0.764151 0.314545 0.021226 0.016364
0.785377 0.314545 0.018194 0.016364
0.803571 0.314545 0.048518 0.016364
0.852089 0.314545 0.030323 0.016364
0.377358 0.350909 0.024259 0.014545
0.415094 0.350909 0.013477 0.014545
0.040431 0.394545 0.030323 0.018182
0.070755 0.394545 0.020216 0.018182
0.090970 0.394545 0.016846 0.018182
0.107817 0.394545 0.026954 0.018182
0.158356 0.394545 0.030323 0.018182
0.222372 0.394545 0.047170 0.018182
0.269542 0.394545 0.030323 0.018182
0.326819 0.394545 0.016846 0.018182
0.343666 0.394545 0.012129 0.018182
0.382749 0.394545 0.035040 0.023636
0.430930 0.394545 0.021900 0.023636
0.452830 0.394545 0.017520 0.023636
0.470350 0.394545 0.024596 0.023636
0.518531 0.394545 0.026280 0.023636
0.566712 0.394545 0.017520 0.023636
0.584232 0.394545 0.014151 0.023636
0.630728 0.396364 0.023922 0.012727
0.682615 0.396364 0.016509 0.012727
0.699124 0.396364 0.012466 0.012727
0.741035 0.395227 0.022324 0.023814
0.776073 0.394905 0.026703 0.023850
0.802351 0.394690 0.026703 0.023850
0.828630 0.394510 0.022324 0.023814
0.850528 0.394260 0.031083 0.023885
0.942503 0.393686 0.009184 0.023706
0.040431 0.465455 0.027291 0.016364
0.067722 0.465455 0.024259 0.016364
0.091981 0.465455 0.048518 0.016364
0.140499 0.465455 0.024259 0.016364
0.223720 0.461818 0.037062 0.020000
0.312668 0.461818 0.022237 0.020000
0.334906 0.461818 0.022237 0.020000
0.383086 0.461818 0.025943 0.020000
0.431267 0.461818 0.022237 0.020000
0.479447 0.461818 0.018531 0.020000
0.497978 0.461818 0.025943 0.020000
0.546159 0.461818 0.022237 0.020000
0.594340 0.461818 0.024933 0.020000
0.638814 0.461818 0.029650 0.020000
0.683288 0.461818 0.022237 0.020000
0.705526 0.461818 0.014825 0.020000
0.720350 0.461818 0.028639 0.020000
0.772237 0.461818 0.022237 0.020000
0.794474 0.461818 0.025943 0.020000
0.846361 0.461818 0.022237 0.020000
0.868598 0.461818 0.022237 0.020000
0.890836 0.461818 0.025943 0.020000
0.916779 0.461818 0.024933 0.020000
0.040431 0.534545 0.026954 0.014545
0.140162 0.534545 0.024259 0.014545
0.247305 0.529091 0.020216 0.018182
0.294474 0.529091 0.026954 0.018182
0.321429 0.529091 0.023585 0.018182
0.345013 0.529091 0.020216 0.018182
0.419137 0.529091 0.020216 0.018182
0.436631 0.534622 0.025996 0.020031
0.484812 0.534559 0.029703 0.020036
0.532992 0.534501 0.029703 0.020036
0.577467 0.534456 0.022290 0.020027
0.599704 0.534438 0.014878 0.020018
0.646900 0.534545 0.035040 0.014545
0.762803 0.534545 0.024259 0.014545
0.787062 0.534545 0.024259 0.014545
0.811321 0.534545 0.043127 0.014545
0.867925 0.534545 0.024259 0.014545
0.916442 0.534545 0.026954 0.014545
0.040431 0.601818 0.035040 0.014545
0.075472 0.601818 0.024259 0.014545
0.099730 0.601818 0.051213 0.014545
0.150943 0.601818 0.029650 0.014545
0.212938 0.601818 0.026954 0.014545
0.253369 0.601818 0.032345 0.010909
0.319070 0.601818 0.023922 0.012727
0.342992 0.601818 0.025943 0.012727
0.392520 0.601818 0.028639 0.012727
0.456199 0.601818 0.025943 0.012727
0.505728 0.601818 0.030660 0.012727
0.536388 0.601818 0.023585 0.012727
0.559973 0.601818 0.016509 0.012727
0.576482 0.601818 0.025943 0.012727
0.622642 0.601818 0.016173 0.010909
0.738544 0.601818 0.029650 0.010909
0.840970 0.598182 0.033356 0.016364
0.892857 0.598182 0.023922 0.016364
0.916779 0.598182 0.015836 0.016364
0.117925 0.632727 0.020216 0.018182
0.215633 0.632727 0.013477 0.018182
0.229111 0.632727 0.023585 0.018182
0.303235 0.632727 0.023585 0.018182
0.326819 0.632727 0.026954 0.018182
0.400943 0.632727 0.020216 0.018182
0.421159 0.632727 0.026954 0.018182
0.448113 0.632727 0.023585 0.018182
0.471698 0.632727 0.026954 0.018182
0.498652 0.632727 0.023585 0.018182
0.626685 0.634545 0.024259 0.016364
0.735849 0.630909 0.033356 0.020000
0.802561 0.630909 0.025943 0.020000
0.854447 0.630909 0.008086 0.020000
0.042980 0.681189 0.025233 0.020170
0.099581 0.681578 0.032645 0.020221
0.154161 0.681953 0.022538 0.020152
0.187515 0.682182 0.026244 0.020177
0.213457 0.682361 0.013105 0.020087
0.355795 0.685455 0.026954 0.014545
0.449612 0.683262 0.016080 0.021101
0.465111 0.683458 0.019951 0.021150
0.538716 0.684389 0.019951 0.021150
0.558086 0.684634 0.012203 0.021052
0.569708 0.684781 0.023825 0.021199
0.643314 0.685712 0.016077 0.021101
0.658810 0.685908 0.016077 0.021101
0.674306 0.686104 0.016077 0.021101
0.689801 0.686300 0.023825 0.021199
0.713045 0.686594 0.016077 0.021101
0.728541 0.686790 0.023825 0.021199
0.751785 0.687084 0.019951 0.021150
0.771155 0.687329 0.023825 0.021199
0.794399 0.687623 0.023825 0.021199
0.817643 0.687917 0.016077 0.021101
0.833139 0.688113 0.023825 0.021199
0.856383 0.688407 0.019951 0.021150
0.875753 0.688652 0.023825 0.021199
0.898997 0.688946 0.016077 0.021101
0.914492 0.689142 0.015774 0.021196
0.043127 0.738182 0.024259 0.014545
0.140162 0.738182 0.024259 0.014545
0.245283 0.738182 0.016173 0.014545
0.350225 0.736526 0.024751 0.013725
0.444744 0.738182 0.016173 0.012727
0.555256 0.736364 0.030323 0.016364
0.585580 0.736364 0.024259 0.016364
0.609838 0.736364 0.024259 0.016364
0.658356 0.736364 0.030323 0.016364
0.749326 0.736364 0.021226 0.016364
0.770553 0.736364 0.024259 0.016364
0.846361 0.736364 0.021226 0.016364
0.867588 0.736364 0.024259 0.016364
0.916105 0.736364 0.027291 0.016364
0.943396 0.736364 0.008086 0.016364
0.043127 0.770909 0.033356 0.016364
0.115903 0.770909 0.018194 0.016364
0.134097 0.770909 0.048518 0.016364
0.182615 0.770909 0.030323 0.016364
0.246294 0.770909 0.012466 0.016364
0.293801 0.767273 0.018531 0.020000
0.327156 0.767273 0.021226 0.020000
0.346698 0.767273 0.021226 0.020000
0.367925 0.767273 0.025943 0.020000
0.416105 0.767273 0.024933 0.020000
0.439353 0.767273 0.039757 0.020000
0.530997 0.767273 0.029650 0.020000
0.560647 0.767273 0.033356 0.020000
0.594003 0.767273 0.025943 0.020000
0.642183 0.767273 0.028639 0.020000
0.753369 0.767273 0.032345 0.020000
0.868261 0.767273 0.022237 0.020000
0.916442 0.767273 0.025943 0.020000
0.042473 0.820043 0.018699 0.017360
0.081388 0.820043 0.025101 0.017273
0.106489 0.820043 0.021900 0.017273
0.148605 0.820043 0.029370 0.017360
0.206873 0.821818 0.027628 0.012727
0.234501 0.818182 0.025943 0.020000
0.260445 0.818182 0.018531 0.020000
0.293801 0.818182 0.022237 0.020000
0.316038 0.818182 0.018531 0.020000
0.334569 0.818182 0.025943 0.020000
0.382749 0.818182 0.025943 0.020000
0.408693 0.818182 0.022237 0.020000
0.479111 0.818182 0.025943 0.020000
0.505054 0.818182 0.022237 0.020000
0.527291 0.818182 0.025943 0.020000
0.575472 0.818182 0.025943 0.020000
0.653302 0.818182 0.022237 0.020000
0.675539 0.818182 0.022237 0.020000
0.749663 0.818182 0.022237 0.020000
0.771900 0.818182 0.022237 0.020000
0.820081 0.818182 0.025943 0.020000
0.868261 0.818182 0.022237 0.020000
0.043127 0.869091 0.008086 0.014545
0.137466 0.872727 0.025943 0.020000
0.215296 0.872727 0.022237 0.020000
0.237534 0.872727 0.025943 0.020000
0.263477 0.872727 0.022237 0.020000
0.285714 0.872727 0.025943 0.020000
0.333895 0.872727 0.022237 0.020000
0.382075 0.872727 0.025943 0.020000
0.430256 0.872727 0.025943 0.020000
0.471024 0.872727 0.025943 0.020000
0.496968 0.872727 0.032345 0.020000
0.527628 0.872727 0.047170 0.020000
0.634097 0.872727 0.022237 0.020000
0.656334 0.872727 0.033356 0.020000
0.723046 0.872727 0.025943 0.020000
0.748989 0.872727 0.022237 0.020000
0.771226 0.872727 0.025943 0.020000
0.797170 0.872727 0.022237 0.020000
0.819407 0.872727 0.025943 0.020000
0.867588 0.872727 0.025943 0.020000
0.893531 0.872727 0.025943 0.020000
0.919474 0.872727 0.018531 0.020000
0.938005 0.872727 0.016172 0.020000
0.040171 0.913604 0.025784 0.027544
0.115979 0.914251 0.020726 0.027443
0.136193 0.914424 0.030833 0.027529
0.166514 0.914683 0.020726 0.027443
0.186728 0.914855 0.020726 0.027443
0.206942 0.915028 0.023421 0.027466
0.252423 0.915416 0.025779 0.027486
0.297905 0.915805 0.030833 0.027529
0.328226 0.916064 0.020726 0.027443
0.348440 0.916236 0.025779 0.027486
0.398975 0.916668 0.025779 0.027486
0.424242 0.916883 0.020726 0.027443
0.444456 0.917056 0.025779 0.027486
0.520259 0.917703 0.025779 0.027486
0.545526 0.917919 0.020726 0.027443
0.616275 0.918523 0.014819 0.027667