0.189358 0.152509 0.027850 0.027692
0.216896 0.152685 0.023260 0.027663
0.239845 0.152830 0.023260 0.027663
0.262793 0.152976 0.020306 0.027742
0.339147 0.158430 0.023157 0.020349
0.362305 0.158430 0.015602 0.020349
0.432171 0.159836 0.038923 0.011710
0.563953 0.159836 0.021007 0.013129
0.583984 0.159836 0.026481 0.013129
0.687984 0.159836 0.023734 0.017564
0.711719 0.159836 0.013087 0.017564
0.738349 0.158327 0.022703 0.017442
0.761006 0.158362 0.025534 0.017018
0.786494 0.158400 0.031198 0.017026
0.129845 0.210756 0.033241 0.033430
0.213178 0.214871 0.029497 0.025176
0.255273 0.214871 0.031548 0.025176
0.183333 0.266393 0.031999 0.038056
0.215332 0.266393 0.019043 0.038056
0.234375 0.266393 0.012695 0.038056
0.259766 0.266393 0.019043 0.038056
0.278809 0.266393 0.044434 0.038056
0.323242 0.266393 0.012695 0.038056
0.366113 0.266393 0.033301 0.038056
0.399414 0.266393 0.026953 0.038056
0.429590 0.266393 0.014258 0.038056
0.443848 0.266393 0.025391 0.038056
0.469238 0.266393 0.038086 0.038056
0.507324 0.266393 0.014898 0.038056
0.507715 0.258782 0.007324 0.014637
0.812016 0.284884 0.018453 0.018980
0.147852 0.321429 0.007910 0.015808
0.137597 0.337209 0.027442 0.027616
0.165039 0.337209 0.015193 0.027616
0.319767 0.350291 0.015504 0.014535
0.536822 0.350117 0.030756 0.017615
0.567383 0.350117 0.031454 0.017615
0.602713 0.335480 0.028927 0.029345
0.631641 0.335480 0.021460 0.029345
0.180529 0.411643 0.039102 0.020864
0.215221 0.409627 0.016562 0.016875
0.250000 0.411337 0.026367 0.016063
0.276367 0.411337 0.010455 0.016063
0.418945 0.414520 0.029492 0.012881
0.448437 0.414244 0.010865 0.013156
0.133721 0.478198 0.020967 0.014777
0.154004 0.478198 0.026229 0.014777
0.178295 0.473653 0.034987 0.017626
0.213281 0.473653 0.017339 0.017626
0.238372 0.472384 0.026276 0.017663
0.264648 0.472384 0.014421 0.017663
0.292636 0.478198 0.023380 0.013081
0.315039 0.478198 0.016356 0.013081
0.516602 0.472482 0.020508 0.024590
0.537109 0.472482 0.032813 0.024590
0.569922 0.472482 0.024609 0.024590
0.594531 0.472482 0.028711 0.024590
0.623242 0.472482 0.032812 0.024590
0.656055 0.472482 0.036914 0.024590
0.692969 0.472482 0.020508 0.024590
0.713477 0.472482 0.012305 0.024590
0.762695 0.472482 0.024609 0.024590
0.787305 0.472482 0.036914 0.024590
0.824219 0.472482 0.024609 0.024590
0.848828 0.472384 0.009699 0.024709
0.350775 0.536300 0.025299 0.021840
0.376074 0.536300 0.025293 0.021663
0.401367 0.536300 0.043359 0.021663
0.444727 0.536300 0.021680 0.021663
0.466406 0.536300 0.021680 0.021663
0.488086 0.536300 0.028906 0.021663
0.516992 0.536300 0.034082 0.021663
0.748062 0.542151 0.025668 0.015988
0.773242 0.542151 0.017455 0.015988
0.815891 0.542151 0.029030 0.014640
0.844922 0.542151 0.009729 0.014640
0.291406 0.577283 0.009375 0.014052
0.745508 0.577283 0.007422 0.011124
0.422068 0.604384 0.018512 0.026873
0.439639 0.604031 0.018514 0.026690
0.457211 0.603767 0.014121 0.026602
0.470389 0.603382 0.020076 0.026722
0.490792 0.602884 0.024469 0.026810
0.514319 0.602531 0.018514 0.026690
0.531891 0.602266 0.014121 0.026602
0.545070 0.601882 0.020076 0.026722
0.565472 0.601384 0.024469 0.026810
0.588999 0.601119 0.014121 0.026602
0.602178 0.600766 0.018514 0.026690
0.619750 0.600382 0.020076 0.026722
0.640153 0.599972 0.020076 0.026722
0.659286 0.599619 0.018514 0.026690
0.676858 0.599266 0.018514 0.026690
0.694430 0.599001 0.014121 0.026602
0.736798 0.598002 0.021508 0.026750
0.131783 0.662791 0.017442 0.020349
0.240310 0.661337 0.021799 0.020349
0.262305 0.661593 0.026367 0.019906
0.313672 0.661593 0.013281 0.019906
0.133721 0.722384 0.035029 0.023518
0.333333 0.712500 0.031510 0.037500
0.364844 0.712529 0.020312 0.037471
0.388281 0.712529 0.051562 0.037471
0.464844 0.712529 0.037500 0.037471
0.502344 0.712529 0.032813 0.037471
0.538281 0.712529 0.032812 0.037471
0.571094 0.712529 0.020313 0.037471
0.594531 0.712529 0.039062 0.037471
0.721094 0.712529 0.018750 0.037471
0.739844 0.712529 0.026562 0.037471
0.846094 0.712500 0.026128 0.037500
0.230620 0.732436 0.024263 0.014657
0.254883 0.732436 0.012559 0.014657
0.286822 0.732436 0.026753 0.014657
0.313574 0.732436 0.008131 0.014657
0.140625 0.779274 0.031250 0.037471
0.265625 0.779274 0.018750 0.037471
0.315625 0.779274 0.031250 0.037471
0.445312 0.779274 0.051563 0.037471
0.584375 0.779274 0.031250 0.037471
0.615625 0.779274 0.039062 0.037471
0.657813 0.779274 0.039062 0.037471
0.746875 0.779274 0.062500 0.037471
0.846875 0.779167 0.025347 0.037578
0.151758 0.767564 0.007910 0.015808
0.364341 0.848837 0.024331 0.024709
0.445736 0.853198 0.023256 0.021802
0.633593 0.853438 0.033459 0.019376
0.666395 0.854085 0.038145 0.019469
0.703882 0.854825 0.013154 0.018975
0.749178 0.855719 0.030335 0.019315
0.778856 0.856305 0.025690 0.019606
0.133721 0.921512 0.014521 0.017598
0.187984 0.924419 0.022953 0.015988
0.210449 0.924419 0.016295 0.015988
0.317829 0.924419 0.021038 0.013081
0.337891 0.924419 0.016761 0.013081
0.532946 0.911337 0.034242 0.026163
0.567187 0.911337 0.014208 0.026163
0.718992 0.922965 0.015504 0.014535