0.114497 0.164032 0.048958 0.023221
0.163455 0.164032 0.028559 0.023221
0.192014 0.164032 0.024479 0.023221
0.216493 0.164032 0.057118 0.023221
0.273611 0.164032 0.028559 0.023221
0.330729 0.164032 0.024479 0.023221
0.355208 0.164032 0.032639 0.023221
0.387847 0.164032 0.024479 0.023221
0.412326 0.164032 0.042187 0.023221
0.455816 0.164032 0.033980 0.023468
0.504082 0.161337 0.031682 0.026163
0.535764 0.161561 0.027083 0.025692
0.562847 0.161561 0.058681 0.025692
0.621528 0.161561 0.036111 0.025692
0.657639 0.161561 0.036111 0.025692
0.693750 0.161561 0.040625 0.025692
0.734375 0.161561 0.040625 0.025692
0.775000 0.161337 0.039286 0.026163
0.073469 0.260174 0.043110 0.027616
0.116580 0.260375 0.042969 0.027174
0.159549 0.260375 0.019097 0.027174
0.207292 0.260375 0.028646 0.027174
0.255035 0.260375 0.023872 0.027174
0.350521 0.260375 0.023872 0.027174
0.374392 0.260375 0.038194 0.027174
0.412587 0.260375 0.038194 0.027174
0.450781 0.260375 0.038194 0.027174
0.488976 0.260375 0.023872 0.027174
0.512847 0.260375 0.023872 0.027174
0.536719 0.260375 0.019097 0.027174
0.669388 0.264535 0.046939 0.021802
0.151020 0.369071 0.032313 0.017787
0.183681 0.369071 0.030605 0.017787
0.216327 0.366107 0.053465 0.017787
0.297917 0.366107 0.010247 0.017787
0.328571 0.366107 0.030456 0.021975
0.359028 0.366107 0.045833 0.021739
0.404861 0.366107 0.015278 0.021739
0.450694 0.366107 0.026736 0.021739
0.477431 0.366107 0.019097 0.021739
0.523264 0.366107 0.045833 0.021739
0.569097 0.366107 0.045833 0.021739
0.614931 0.366107 0.030556 0.021739
0.645486 0.366107 0.045833 0.021739
0.691319 0.366107 0.042014 0.021739
0.733333 0.366107 0.026736 0.021739
0.760069 0.366107 0.030556 0.021739
0.790625 0.366107 0.026736 0.021739
0.817361 0.366107 0.007129 0.021975
0.885714 0.364826 0.036735 0.023256
0.265164 0.463954 0.023379 0.019075
0.366025 0.463192 0.019831 0.018926
0.404082 0.463439 0.027429 0.022233
0.431510 0.463439 0.027344 0.022233
0.458854 0.463439 0.019531 0.022233
0.505729 0.463439 0.036545 0.022233
0.543403 0.463439 0.028733 0.022233
0.626531 0.463439 0.052028 0.022233
0.679688 0.463439 0.032639 0.022233
0.712326 0.463439 0.027344 0.022233
0.739670 0.463439 0.019531 0.022233
0.833420 0.463439 0.019531 0.022233
0.293878 0.562500 0.022529 0.017540
0.316667 0.562500 0.020068 0.017540
0.393878 0.562500 0.030428 0.021986
0.424306 0.562747 0.026736 0.021739
0.451042 0.562747 0.045833 0.021739
0.496875 0.562747 0.026736 0.021739
0.523611 0.562747 0.026736 0.021739
0.550347 0.562747 0.026736 0.021739
0.645833 0.562747 0.019097 0.021739
0.752778 0.562747 0.028125 0.021739
0.781944 0.562747 0.031944 0.021739
0.813889 0.562747 0.030556 0.021739
0.844444 0.562500 0.022902 0.021986
0.112245 0.642292 0.021956 0.024859
0.199306 0.642292 0.030382 0.024704
0.229687 0.642292 0.026042 0.024704
0.255729 0.642292 0.026042 0.024704
0.281771 0.642292 0.017361 0.024704
0.320833 0.642292 0.043403 0.024704
0.364236 0.642292 0.017361 0.024704
0.403299 0.642292 0.017361 0.024704
0.420660 0.642292 0.026042 0.024704
0.446701 0.642292 0.021701 0.024704
0.516146 0.642292 0.030382 0.024704
0.546528 0.642292 0.021701 0.024704
0.568229 0.642292 0.026042 0.024704
0.594271 0.642292 0.021701 0.024704
0.642014 0.642292 0.039062 0.024704
0.681076 0.642292 0.021701 0.024704
0.746181 0.642292 0.026042 0.024704
0.772222 0.642292 0.013021 0.024704
0.785243 0.642292 0.039062 0.024704
0.824306 0.642292 0.021701 0.024704