0.093500 0.133566 0.024750 0.023077
0.163625 0.133566 0.024750 0.023077
0.188375 0.133566 0.045375 0.023077
0.233750 0.133566 0.020625 0.023077
0.254375 0.133566 0.024750 0.023077
0.279125 0.133566 0.028875 0.023077
0.328625 0.133566 0.024750 0.023077
0.353375 0.133566 0.041250 0.023077
0.394625 0.133566 0.024750 0.023077
0.460625 0.133566 0.024750 0.023077
0.485375 0.133566 0.035000 0.023077
0.520500 0.133566 0.022625 0.023077
0.689375 0.130769 0.024750 0.023077
0.714125 0.130769 0.016500 0.023077
0.730625 0.130769 0.026750 0.023077
0.757500 0.130769 0.035000 0.023077
0.792500 0.130769 0.028875 0.023077
0.821375 0.130769 0.024750 0.023077
0.870875 0.130769 0.024750 0.023077
0.895625 0.130769 0.027452 0.023301
0.079002 0.167133 0.023123 0.026181
0.148375 0.167133 0.023125 0.025874
0.171500 0.167133 0.027750 0.025874
0.199250 0.167133 0.041625 0.025874
0.240875 0.167133 0.023125 0.025874
0.282500 0.167133 0.023125 0.025874
0.305625 0.167133 0.023125 0.025874
0.328750 0.167133 0.027750 0.025874
0.439750 0.167133 0.037000 0.025874
0.476750 0.167133 0.041625 0.025874
0.518375 0.167133 0.037000 0.025874
0.555375 0.167133 0.037000 0.025874
0.592375 0.167133 0.023125 0.025874
0.634000 0.167133 0.037000 0.025874
0.671000 0.167133 0.037000 0.025874
0.708000 0.167133 0.037000 0.025874
0.745000 0.167133 0.027750 0.025874
0.772750 0.167133 0.023125 0.025874
0.795875 0.167133 0.021173 0.026181
0.850312 0.172727 0.021563 0.017680
0.885500 0.172727 0.037577 0.017680
0.089397 0.260140 0.028603 0.020383
0.143375 0.260140 0.018787 0.020383
0.311727 0.255447 0.027374 0.021830
0.385351 0.255860 0.037122 0.021884
0.422100 0.256066 0.020850 0.021917
0.482328 0.260174 0.037422 0.013081
0.850112 0.258700 0.039150 0.022153
0.888859 0.258630 0.008153 0.021747
0.896608 0.258454 0.019777 0.021853
0.220374 0.348837 0.028501 0.023256
0.248875 0.348951 0.024750 0.023077
0.273625 0.348951 0.041250 0.023077
0.314875 0.348951 0.024750 0.023077
0.389125 0.348951 0.041250 0.023077
0.430375 0.348837 0.014531 0.023256
0.544699 0.353147 0.040676 0.011888
0.585375 0.353147 0.015457 0.011888
0.326122 0.439758 0.025332 0.023560
0.404485 0.438657 0.035581 0.023508
0.439604 0.438145 0.041705 0.023584
0.480848 0.437845 0.024631 0.023372
0.848233 0.444755 0.018142 0.014685
0.089397 0.540559 0.028478 0.014685
0.141500 0.540559 0.012346 0.014685
0.170478 0.537762 0.035272 0.018924
0.205125 0.537762 0.039125 0.018881
0.244250 0.537762 0.023625 0.018881
0.267875 0.537762 0.040500 0.018881
0.308375 0.537762 0.020250 0.018881
0.375875 0.537762 0.040500 0.018881
0.416375 0.537762 0.037125 0.018881
0.453500 0.537762 0.010117 0.018924
0.484407 0.540698 0.027027 0.017442
0.507277 0.537762 0.055973 0.017483
0.563250 0.537762 0.014713 0.017483
0.715177 0.540698 0.012474 0.013081
0.752599 0.540698 0.012474 0.013081
0.790021 0.540698 0.012474 0.013081
0.827443 0.540698 0.010395 0.013081
0.862786 0.540559 0.026339 0.013287
0.274428 0.629360 0.035343 0.020349
0.806653 0.633566 0.030097 0.011888
0.889813 0.633721 0.016632 0.013081
0.089397 0.719477 0.039853 0.016188
0.129250 0.719477 0.030833 0.016188
0.232848 0.720930 0.029152 0.020349
0.309125 0.720979 0.032625 0.020280
0.341750 0.720930 0.030391 0.020349
0.532225 0.718023 0.045150 0.023256
0.577375 0.718182 0.037125 0.023077
0.614500 0.718182 0.037125 0.023077
0.651625 0.718182 0.037125 0.023077
0.688750 0.718182 0.037125 0.023077
0.725875 0.718182 0.037125 0.023077
0.763000 0.718182 0.033000 0.023077
0.796000 0.718182 0.045375 0.023077
0.841375 0.718182 0.016500 0.023077
0.098750 0.815385 0.025375 0.020280
0.156750 0.815385 0.036250 0.020280
0.193000 0.815385 0.010742 0.020371
0.237006 0.819580 0.015619 0.017629
0.271375 0.819580 0.011369 0.017629
0.372141 0.819767 0.014553 0.014535
0.411642 0.819580 0.015983 0.017629
0.449500 0.819580 0.012038 0.017629
0.490474 0.817641 0.017226 0.019034
0.532346 0.818023 0.039474 0.019237
0.571468 0.818380 0.027350 0.019126
0.638127 0.819886 0.033999 0.013412
0.636175 0.845930 0.017325 0.010174
0.653500 0.845930 0.007623 0.010174
0.079002 0.864826 0.017498 0.014535
0.111500 0.864826 0.011161 0.014535
0.201663 0.864826 0.014553 0.013081
0.234927 0.864826 0.016632 0.013081
0.257796 0.864826 0.022704 0.013081
0.280500 0.864826 0.008481 0.013081
0.359667 0.864826 0.025333 0.016293
0.383875 0.864826 0.017372 0.016293
0.422037 0.863372 0.014553 0.014535
0.548000 0.858741 0.036000 0.022378
0.584000 0.858741 0.016000 0.022378
0.664000 0.858741 0.024000 0.022378
0.732000 0.858741 0.024000 0.022378
0.756000 0.858741 0.040000 0.022378
0.796000 0.858741 0.024000 0.022378
0.864000 0.858741 0.028000 0.022378
0.892000 0.858741 0.018603 0.022378
0.311850 0.905523 0.021900 0.020351
0.373625 0.905594 0.021750 0.020280
0.395375 0.905594 0.036250 0.020280
0.431625 0.905594 0.018125 0.020280
0.471500 0.905594 0.021750 0.020280
0.493250 0.905594 0.018125 0.020280
0.533125 0.905594 0.036250 0.020280
0.569375 0.905594 0.025375 0.020280
0.616500 0.905594 0.021750 0.020280
0.638250 0.905594 0.014500 0.020280
0.652750 0.905594 0.021750 0.020280
0.674500 0.905594 0.021750 0.020280
0.696250 0.905594 0.014500 0.020280
0.710750 0.905523 0.010664 0.020351
0.746225 0.905950 0.019653 0.021923
0.831472 0.905415 0.019653 0.021799