0.024395 0.178378 0.034594 0.022715
0.058417 0.178009 0.034595 0.022300
0.092440 0.177686 0.030343 0.022254
0.122210 0.177178 0.047354 0.022438
0.194509 0.176579 0.030343 0.022254
0.224279 0.176163 0.038848 0.022346
0.262555 0.175841 0.030343 0.022254
0.292325 0.175472 0.034595 0.022300
0.326348 0.175102 0.034595 0.022300
0.360371 0.174780 0.030343 0.022254
0.390141 0.174616 0.015625 0.022346
0.573910 0.179889 0.036522 0.021040
0.609840 0.179507 0.032531 0.020969
0.641779 0.179125 0.032531 0.020969
0.673718 0.178457 0.056485 0.021255
0.729611 0.178124 0.028539 0.020921
0.757557 0.177694 0.036523 0.021017
0.793489 0.177265 0.036523 0.021017
0.829420 0.176883 0.032531 0.020969
0.861359 0.176501 0.032531 0.020969
0.893298 0.176120 0.032531 0.020969
0.925237 0.175817 0.025935 0.020890
0.951795 0.175579 0.019300 0.020811
0.390625 0.228290 0.029774 0.021934
0.420399 0.228290 0.021267 0.021934
0.441667 0.228290 0.021267 0.021934
0.462934 0.228290 0.034028 0.021934
0.496962 0.228290 0.021267 0.021934
0.024775 0.307968 0.028697 0.017614
0.054080 0.307968 0.028472 0.017457
0.121430 0.301229 0.035630 0.026381
0.156671 0.301040 0.030597 0.026150
0.186877 0.300852 0.030597 0.026150
0.237222 0.300507 0.035631 0.026181
0.272464 0.300381 0.020528 0.026087
0.540541 0.309593 0.018018 0.013081
0.132883 0.411337 0.035867 0.014535
0.168750 0.411337 0.015935 0.014535
0.193694 0.411337 0.026445 0.014535
0.220139 0.411337 0.029861 0.014535
0.270270 0.411337 0.026431 0.013081
0.296441 0.411337 0.021127 0.013081
0.328829 0.411337 0.020270 0.013081
0.362613 0.408430 0.018018 0.013081
0.380631 0.411337 0.041592 0.014535
0.422222 0.411337 0.012462 0.014535
0.448198 0.411337 0.024775 0.013081
0.470721 0.412791 0.024775 0.011628
0.524775 0.411337 0.018018 0.013081
0.554054 0.411337 0.025286 0.013081
0.610360 0.411337 0.036167 0.014535
0.646528 0.411337 0.011130 0.014535
0.671171 0.411337 0.028829 0.014535
0.700000 0.411337 0.018468 0.014535
0.747748 0.411337 0.029279 0.013081
0.777027 0.411337 0.020270 0.013081
0.034375 0.518800 0.008418 0.016115
0.054054 0.512981 0.025633 0.018996
0.119369 0.517442 0.034450 0.016130
0.153819 0.517442 0.024108 0.016130
0.184685 0.512981 0.020003 0.020591
0.228646 0.512981 0.047917 0.020591
0.276562 0.512981 0.035938 0.020591
0.348438 0.512981 0.027951 0.020591
0.376389 0.512981 0.031944 0.020591
0.408333 0.512981 0.019965 0.020591
0.452257 0.512981 0.011707 0.020591
0.495495 0.514324 0.025859 0.022013
0.521354 0.514324 0.021267 0.021934
0.542622 0.514324 0.029774 0.021934
0.572396 0.514324 0.034028 0.021934
0.640451 0.514324 0.034028 0.021934
0.674479 0.514324 0.051042 0.021934
0.725521 0.514324 0.029774 0.021934
0.755295 0.514324 0.034028 0.021934
0.789323 0.514324 0.029774 0.021934
0.819097 0.514324 0.034028 0.021934
0.853125 0.514324 0.029774 0.021934
0.882899 0.514324 0.034028 0.021934
0.916927 0.514324 0.038281 0.021934
0.955208 0.514324 0.015512 0.022013
0.031532 0.616279 0.035830 0.014535
0.132883 0.613372 0.024775 0.017442
0.164414 0.613372 0.031532 0.015988
0.191441 0.611919 0.047297 0.018895
0.272523 0.611907 0.030255 0.018907
0.303646 0.611907 0.020678 0.018907
0.342342 0.613372 0.029279 0.017442
0.369369 0.613372 0.024775 0.017442
0.412162 0.613372 0.027027 0.015988
0.486486 0.611907 0.055007 0.018907
0.581597 0.611907 0.010745 0.018907
0.871622 0.617733 0.018018 0.013081
0.907658 0.613250 0.023679 0.017564
0.945946 0.613372 0.022523 0.017442
0.050608 0.712175 0.030729 0.026410
0.110677 0.712175 0.057726 0.026410
0.168403 0.712175 0.030729 0.026410
0.199132 0.712175 0.030729 0.026410
0.229861 0.712175 0.025608 0.026410
0.299550 0.713518 0.037430 0.027761
0.336979 0.713518 0.032292 0.027753
0.369271 0.713518 0.053819 0.027753
0.423090 0.713518 0.032292 0.027753
0.455382 0.713518 0.026910 0.027753
0.482292 0.713518 0.026910 0.027753
0.509201 0.713518 0.026910 0.027753
0.536111 0.713518 0.037674 0.027753
0.573785 0.713518 0.032292 0.027753
0.606076 0.713518 0.032292 0.027753
0.638368 0.713518 0.023794 0.027761
0.682432 0.717995 0.042741 0.021934
0.725174 0.717995 0.046788 0.021934
0.771962 0.717995 0.034028 0.021934
0.805990 0.717995 0.034028 0.021934
0.840017 0.717995 0.034028 0.021934
0.874045 0.717995 0.034028 0.021934
0.908073 0.717995 0.046788 0.021934
0.954861 0.717995 0.015860 0.021934
0.031532 0.794987 0.035830 0.023327
0.130556 0.794987 0.036111 0.023277
0.166667 0.794987 0.058681 0.023277
0.225347 0.794987 0.054167 0.023277
0.279514 0.794987 0.031597 0.023277
0.311111 0.794987 0.036111 0.023277
0.347222 0.794987 0.031597 0.023277
0.378819 0.794987 0.036111 0.023277
0.414931 0.794987 0.036111 0.023277
0.451042 0.794987 0.049653 0.023277
0.500694 0.794987 0.040625 0.023277
0.581944 0.794987 0.045139 0.023277
0.627083 0.794987 0.036111 0.023277
0.663194 0.794987 0.054167 0.023277
0.717361 0.794987 0.054167 0.023277
0.771528 0.794987 0.036111 0.023277
0.807639 0.794987 0.031597 0.023277
0.839236 0.794987 0.036111 0.023277
0.875347 0.794987 0.036111 0.023277
0.911458 0.794987 0.045139 0.023277
0.956597 0.794987 0.011871 0.023327
0.049527 0.875878 0.035243 0.025962
0.108555 0.875878 0.048090 0.025962
0.158902 0.875878 0.041667 0.025962
0.200569 0.875878 0.025174 0.025962
0.225742 0.875878 0.025174 0.025962
0.310392 0.878319 0.025882 0.026352
0.335559 0.877974 0.030917 0.026303
0.365763 0.877341 0.056087 0.026591
0.421136 0.876996 0.030917 0.026303
0.451340 0.876364 0.056087 0.026591
0.506713 0.876076 0.025883 0.026246
0.531883 0.875674 0.035951 0.026361
0.567120 0.875271 0.035951 0.026361
0.602358 0.874984 0.025883 0.026246