0.065351 0.272931 0.016447 0.033557
0.081798 0.272931 0.009430 0.033557
0.042982 0.388143 0.031579 0.053691
0.074561 0.388143 0.036842 0.053691
0.111404 0.388143 0.031579 0.053691
0.142982 0.388143 0.042105 0.053691
0.185088 0.388143 0.036842 0.053691
0.221930 0.388143 0.052632 0.053691
0.274561 0.388143 0.031579 0.053691
0.332456 0.388143 0.036842 0.053691
0.406140 0.388143 0.042105 0.053691
0.490351 0.388143 0.026316 0.053691
0.516667 0.388143 0.036842 0.053691
0.553509 0.388143 0.036842 0.053691
0.590351 0.388143 0.031579 0.053691
0.621930 0.388143 0.036842 0.053691
0.658772 0.388143 0.036842 0.053691
0.695614 0.388143 0.068421 0.053691
0.764035 0.388143 0.057895 0.053691
0.821930 0.388143 0.052632 0.053691
0.874561 0.388143 0.042105 0.053691
0.075000 0.484043 0.034649 0.058511
0.143860 0.484340 0.035965 0.058166
0.182018 0.484340 0.035965 0.058166
0.217982 0.484340 0.028509 0.058166
0.246491 0.484340 0.035965 0.058166
0.284649 0.484340 0.041667 0.058166
0.366228 0.484340 0.079825 0.058166
0.446053 0.484340 0.045614 0.058166
0.491667 0.484340 0.041667 0.058166
0.594298 0.484340 0.034211 0.058166
0.628509 0.484043 0.017325 0.058511
0.905263 0.496644 0.031579 0.040268
0.936842 0.496644 0.019298 0.040268
0.021053 0.592841 0.019298 0.029083
0.096491 0.597315 0.015789 0.026846
0.164912 0.595078 0.080702 0.024609
0.321053 0.595078 0.055263 0.026846
0.435088 0.592841 0.026316 0.031320
0.482456 0.592841 0.029825 0.029083
0.635088 0.595078 0.034211 0.026846
0.701754 0.592841 0.024561 0.038031
0.756140 0.597315 0.045614 0.024609
0.856140 0.592841 0.019298 0.040268
0.021053 0.689038 0.019298 0.038031
0.089474 0.691275 0.024123 0.024609
0.140351 0.689038 0.026316 0.035794
0.185965 0.691275 0.047368 0.029083
0.232675 0.691275 0.023465 0.029083
0.473684 0.691275 0.038596 0.024609
0.656140 0.689038 0.080702 0.026846
0.766667 0.689038 0.036842 0.026846
0.819298 0.689038 0.019298 0.026846
0.866667 0.686801 0.019298 0.029083
0.178947 0.782998 0.078289 0.038031
0.309430 0.782998 0.033553 0.038031
0.342982 0.782998 0.014912 0.038031
0.614035 0.782998 0.031360 0.029083
0.645395 0.782998 0.028289 0.029083
0.687719 0.785235 0.043860 0.024609
0.777193 0.785235 0.026316 0.026846
0.845614 0.785235 0.067544 0.024609