0.098485 0.242424 0.062500 0.032086
0.200758 0.242424 0.028409 0.032086
0.229167 0.242424 0.017045 0.032086
0.246212 0.242424 0.028409 0.032086
0.274621 0.242424 0.022727 0.032086
0.342803 0.242424 0.011364 0.032086
0.354167 0.242424 0.028409 0.032086
0.382576 0.242424 0.022727 0.032086
0.405303 0.242424 0.034091 0.032086
0.439394 0.242424 0.039773 0.032086
0.479167 0.242424 0.022727 0.032086
0.501894 0.242424 0.045455 0.032086
0.547348 0.242424 0.028409 0.032086
0.592803 0.242424 0.045455 0.032086
0.638258 0.242424 0.022727 0.032086
0.660985 0.242424 0.025253 0.032086
0.686869 0.242424 0.019571 0.032086
0.706439 0.242424 0.028409 0.032086
0.734848 0.242424 0.017045 0.032086
0.751894 0.242424 0.010732 0.032086
0.098485 0.377897 0.032197 0.030303
0.130682 0.377897 0.032197 0.030303
0.162879 0.377897 0.016098 0.030303
0.178977 0.377897 0.026831 0.030303
0.205808 0.377897 0.016098 0.030303
0.221907 0.377897 0.032197 0.030303
0.254104 0.377897 0.032197 0.030303
0.286301 0.377897 0.026831 0.030303
0.313131 0.377897 0.032197 0.030303
0.345328 0.377897 0.021465 0.030303
0.366793 0.377897 0.032197 0.030303
0.398990 0.377897 0.032197 0.030303
0.431187 0.377897 0.026831 0.030303
0.458018 0.377897 0.042929 0.030303
0.500947 0.377897 0.037563 0.030303
0.538510 0.377897 0.021465 0.030303
0.586806 0.377897 0.021465 0.030303
0.608270 0.377897 0.026831 0.030303
0.635101 0.377897 0.016098 0.030303
0.667298 0.377897 0.026831 0.030303
0.694129 0.377897 0.032197 0.030303
0.726326 0.377897 0.021465 0.030303
0.747790 0.377897 0.032197 0.030303
0.779987 0.377897 0.026831 0.030303
0.806818 0.377897 0.021465 0.030303
0.828283 0.377897 0.021465 0.030303
0.849747 0.377897 0.026831 0.030303
0.892677 0.377897 0.011364 0.030303
0.098485 0.443850 0.024621 0.024955
0.122475 0.443850 0.024621 0.024955
0.147096 0.443850 0.015783 0.024955
0.162247 0.443850 0.020202 0.024955
0.182449 0.443850 0.020202 0.024955
0.202020 0.443850 0.020202 0.024955
0.222222 0.443850 0.024621 0.024955
0.246212 0.443850 0.027146 0.024955
0.272727 0.443850 0.024621 0.024955
0.297348 0.443850 0.020202 0.024955
0.316919 0.443850 0.015783 0.024955
0.345960 0.443850 0.017677 0.024955
0.363636 0.443850 0.022096 0.024955
0.385732 0.443850 0.020202 0.024955
0.405303 0.443850 0.020202 0.024955
0.425505 0.443850 0.022096 0.024955
0.447601 0.443850 0.022096 0.024955
0.795455 0.445633 0.018939 0.021390
0.814394 0.445633 0.021465 0.021390
0.834596 0.445633 0.025253 0.021390
0.247475 0.511586 0.020202 0.028520
0.267677 0.511586 0.030303 0.028520
0.297980 0.511586 0.020202 0.028520
0.318182 0.511586 0.015152 0.028520
0.333333 0.511586 0.020202 0.028520
0.353535 0.511586 0.030303 0.028520
0.424242 0.511586 0.027778 0.028520
0.452020 0.511586 0.027778 0.028520
0.479798 0.511586 0.025253 0.028520
0.505051 0.511586 0.030303 0.028520
0.535354 0.511586 0.025253 0.028520
0.560606 0.511586 0.040404 0.028520
0.601010 0.511586 0.020202 0.028520
0.621212 0.511586 0.025253 0.028520
0.646465 0.511586 0.020202 0.028520
0.666667 0.511586 0.030303 0.028520
0.696970 0.511586 0.025253 0.028520
0.757576 0.511586 0.030303 0.028520
0.787879 0.511586 0.020202 0.028520
0.808081 0.511586 0.030303 0.028520
0.838384 0.511586 0.030303 0.028520
0.868687 0.511586 0.015152 0.028520
0.201547 0.570410 0.027146 0.038324
0.314394 0.570410 0.050032 0.038324
0.364426 0.570410 0.027146 0.038324
0.391572 0.570410 0.027146 0.038324
0.418718 0.570410 0.040720 0.038324
0.459438 0.570410 0.020360 0.038324
0.479798 0.570410 0.029672 0.038324
0.511206 0.570410 0.050032 0.038324
0.561237 0.570410 0.040720 0.038324
0.601957 0.570410 0.088226 0.038324
0.717330 0.570410 0.033933 0.038324
0.751263 0.570410 0.006787 0.038324
0.758049 0.570410 0.027146 0.038324
0.785196 0.570410 0.033933 0.038324
0.819129 0.570410 0.027146 0.038324
0.846275 0.570410 0.053725 0.038324
0.101010 0.629234 0.003788 0.010695
0.104798 0.629234 0.007576 0.010695
0.297980 0.645276 0.025253 0.028520
0.371212 0.645276 0.022727 0.028520
0.393939 0.645276 0.022727 0.028520
0.416667 0.645276 0.022727 0.028520
0.439394 0.645276 0.025253 0.028520
0.464646 0.645276 0.035354 0.028520
0.500000 0.645276 0.030303 0.028520
0.530303 0.645276 0.020202 0.028520
0.550505 0.645276 0.025253 0.028520
0.575758 0.645276 0.020202 0.028520
0.651515 0.645276 0.020202 0.028520
0.671717 0.645276 0.025253 0.028520
0.696970 0.645276 0.020202 0.028520
0.717172 0.645276 0.040404 0.028520
0.757576 0.645276 0.030303 0.028520
0.787879 0.645276 0.020202 0.028520
0.808081 0.645276 0.020202 0.028520
0.828283 0.645276 0.035354 0.028520
0.863636 0.645276 0.015152 0.028520
0.878788 0.645276 0.015152 0.028520
0.198213 0.712162 0.018918 0.034878
0.216678 0.712002 0.025073 0.034918
0.241298 0.711762 0.037384 0.034998
0.278229 0.711522 0.037384 0.034998
0.315159 0.711202 0.049694 0.035078
0.592136 0.709482 0.037384 0.034998
0.629066 0.709162 0.049694 0.035078
0.678306 0.709042 0.018918 0.034878
0.696772 0.708826 0.033754 0.034974
0.731177 0.708562 0.039909 0.035014
0.770632 0.708362 0.031229 0.034958
0.801407 0.708066 0.046064 0.035054
0.848122 0.707882 0.027599 0.034934
0.875268 0.707799 0.013306 0.035012
0.097479 0.787917 0.080096 0.029514
0.225346 0.783354 0.048129 0.027961
0.271012 0.781833 0.034429 0.027309