0.098485 0.247772 0.053030 0.021390
0.151515 0.247772 0.026515 0.021390
0.178030 0.247772 0.018939 0.021390
0.196970 0.247772 0.026515 0.021390
0.223485 0.247772 0.034091 0.021390
0.257576 0.247772 0.018939 0.021390
0.276515 0.247772 0.030303 0.021390
0.306818 0.247772 0.034091 0.021390
0.340909 0.247772 0.018939 0.021390
0.359848 0.247772 0.026515 0.021390
0.386364 0.247772 0.034091 0.021390
0.420455 0.247772 0.018939 0.021390
0.439394 0.247772 0.025253 0.021390
0.514169 0.240653 0.021537 0.026767
0.535318 0.240609 0.033531 0.026783
0.568461 0.240571 0.028797 0.026776
0.613600 0.240532 0.012698 0.026755
0.098485 0.292335 0.022727 0.028520
0.121212 0.292335 0.022727 0.028520
0.143939 0.292335 0.015152 0.028520
0.159091 0.292335 0.030303 0.028520
0.189394 0.292335 0.015152 0.028520
0.204545 0.292335 0.015152 0.028520
0.234848 0.292335 0.025253 0.028520
0.260101 0.292335 0.020202 0.028520
0.280303 0.292335 0.025253 0.028520
0.305556 0.292335 0.020202 0.028520
0.325758 0.292335 0.030303 0.028520
0.356061 0.292335 0.025253 0.028520
0.431818 0.292335 0.015152 0.028520
0.446970 0.292335 0.025253 0.028520
0.472222 0.292335 0.030303 0.028520
0.517677 0.292335 0.025253 0.028520
0.542929 0.292335 0.025253 0.028520
0.568182 0.292335 0.020202 0.028520
0.588384 0.292335 0.020202 0.028520
0.608586 0.292335 0.027778 0.028520
0.636364 0.292335 0.022727 0.028520
0.659091 0.292335 0.020202 0.028520
0.679293 0.292335 0.030303 0.028520
0.724747 0.292335 0.025253 0.028520
0.750000 0.292335 0.022727 0.028520
0.795455 0.292335 0.025253 0.028520
0.835859 0.292335 0.022727 0.028520
0.858586 0.292335 0.017677 0.028520
0.876263 0.292335 0.015152 0.028520
0.098349 0.348860 0.028807 0.023796
0.180421 0.349002 0.012391 0.023194
0.192732 0.349023 0.028805 0.023223
0.221457 0.349073 0.011443 0.023816
0.244949 0.347594 0.020202 0.028520
0.265152 0.347594 0.030303 0.028520
0.295455 0.347594 0.025253 0.028520
0.320707 0.347594 0.015152 0.028520
0.335859 0.347594 0.025253 0.028520
0.361111 0.347594 0.027778 0.028520
0.388889 0.347594 0.022727 0.028520
0.411616 0.347594 0.025253 0.028520
0.436869 0.347594 0.027778 0.028520
0.464646 0.347594 0.022727 0.028520
0.487374 0.347594 0.025253 0.028520
0.512626 0.347594 0.020202 0.028520
0.542929 0.347594 0.015152 0.028520
0.558081 0.347594 0.025253 0.028520
0.583333 0.347594 0.025253 0.028520
0.608586 0.347594 0.030303 0.028520
0.638889 0.347594 0.025253 0.028520
0.734848 0.347594 0.025253 0.028520
0.760101 0.347594 0.027778 0.028520
0.810606 0.347594 0.022727 0.028520
0.833333 0.347594 0.027778 0.028520
0.861111 0.347594 0.015152 0.028520
0.876263 0.347594 0.015151 0.028520
0.095960 0.404635 0.029040 0.024955
0.124369 0.404635 0.024621 0.024955
0.148990 0.404635 0.022096 0.024955
0.171086 0.404635 0.022096 0.024955
0.193182 0.404635 0.017677 0.024955
0.210859 0.404635 0.026515 0.024955
0.237374 0.404635 0.026515 0.024955
0.263889 0.404635 0.017677 0.024955
0.281566 0.404635 0.026515 0.024955
0.308081 0.404635 0.017677 0.024955
0.325758 0.404635 0.022096 0.024955
0.347854 0.404635 0.017677 0.024955
0.365530 0.404635 0.026515 0.024955
0.392045 0.404635 0.022096 0.024955
0.462753 0.404635 0.013258 0.024955
0.476010 0.404635 0.026515 0.024955
0.502525 0.404635 0.026515 0.024955
0.529040 0.404635 0.017677 0.024955
0.546717 0.404635 0.026515 0.024955
0.573232 0.404635 0.022096 0.024955
0.595328 0.404635 0.017677 0.024955
0.613005 0.404635 0.026515 0.024955
0.639520 0.404635 0.020202 0.024955
0.659091 0.404635 0.024621 0.024955
0.683712 0.404635 0.022096 0.024955
0.705808 0.404635 0.029040 0.024955
0.734217 0.404635 0.020202 0.024955
0.754419 0.404635 0.022096 0.024955
0.776515 0.404635 0.022096 0.024955
0.811869 0.404635 0.013258 0.024955
0.825126 0.404635 0.022096 0.024955
0.847222 0.404635 0.022096 0.024955
0.869318 0.404635 0.017045 0.024955