0.082947 0.114280 0.017371 0.020426
0.140101 0.115175 0.017371 0.020426
0.156911 0.115438 0.010028 0.020493
0.166667 0.118915 0.017355 0.014806
0.184021 0.118915 0.009777 0.014806
0.199612 0.118915 0.021747 0.014806
0.724806 0.120640 0.011628 0.011628
0.808140 0.119186 0.015504 0.015988
0.180233 0.164117 0.031386 0.014662
0.244047 0.162466 0.017095 0.020348
0.274312 0.162702 0.017092 0.020297
0.291125 0.162833 0.018948 0.020311
0.309445 0.162976 0.018213 0.020488
0.335271 0.164117 0.026510 0.020476
0.387363 0.162210 0.031548 0.019106
0.440589 0.162589 0.017746 0.018900
0.457517 0.162710 0.025863 0.018958
0.482563 0.162888 0.030269 0.018989
0.512594 0.163102 0.014828 0.019210
0.108766 0.261474 0.011389 0.020502
0.368128 0.257026 0.018269 0.027616
0.404309 0.257159 0.022788 0.027203
0.426920 0.257242 0.018266 0.027187
0.445009 0.257308 0.018266 0.027187
0.463097 0.257374 0.022788 0.027203
0.485708 0.257457 0.014381 0.027668
0.540698 0.261474 0.020295 0.020502
0.581169 0.261474 0.013451 0.020167
0.608071 0.261474 0.013451 0.020167
0.621521 0.261474 0.020176 0.020167
0.641698 0.261474 0.020176 0.020167
0.661874 0.261474 0.012545 0.020502
0.294511 0.364621 0.014389 0.029070
0.323038 0.364691 0.019141 0.028558
0.342054 0.364738 0.019141 0.028558
0.361071 0.364784 0.023895 0.028570
0.384842 0.364843 0.019141 0.028558
0.403858 0.364890 0.019141 0.028558
0.544372 0.369761 0.021061 0.019034
0.564431 0.370014 0.027319 0.019113
0.591329 0.370353 0.024189 0.019073
0.653936 0.371143 0.030374 0.019271
0.679999 0.368196 0.030503 0.026471
0.710028 0.367929 0.026214 0.025994
0.735768 0.367707 0.021924 0.025950
0.787247 0.367307 0.009054 0.025817
0.817277 0.366961 0.012415 0.026160
0.844961 0.372045 0.024125 0.016037
0.890422 0.372045 0.024003 0.015994
0.914425 0.372045 0.008056 0.016037
0.113122 0.467930 0.020643 0.015475
0.185842 0.472909 0.023615 0.017760
0.229318 0.472428 0.014920 0.017583
0.258302 0.472027 0.014920 0.017583
0.272794 0.471761 0.019673 0.017649
0.291228 0.471541 0.017116 0.017613
0.410853 0.472184 0.021429 0.014735
0.431006 0.472184 0.028641 0.014604
0.459647 0.472184 0.019481 0.014604
0.501044 0.472184 0.018336 0.014735
0.738156 0.468572 0.026188 0.026161
0.763903 0.468820 0.021891 0.025935
0.785353 0.469027 0.021891 0.025935
0.806803 0.469234 0.026181 0.025976
0.832543 0.469482 0.017601 0.025893
0.909763 0.470226 0.016810 0.026318
0.075507 0.531631 0.024965 0.023256
0.100439 0.531722 0.028789 0.023053
0.171171 0.531979 0.019281 0.023018
0.190304 0.532049 0.019281 0.023018
0.209436 0.532119 0.023108 0.023032
0.232395 0.532202 0.019281 0.023018
0.420377 0.529391 0.040965 0.027775
0.515342 0.528967 0.022877 0.027245
0.537952 0.528832 0.024732 0.027255
0.563230 0.528593 0.042821 0.027355
0.605785 0.528419 0.031921 0.027295
0.637440 0.528294 0.022877 0.027245
0.660050 0.528194 0.018355 0.027220
0.678139 0.528095 0.018355 0.027220
0.696227 0.527970 0.022877 0.027245
0.718838 0.527845 0.022877 0.027245
0.759537 0.527621 0.022877 0.027245
0.782148 0.527496 0.022877 0.027245
0.804759 0.527361 0.024732 0.027255
0.830036 0.527243 0.020920 0.027551
0.155039 0.588317 0.024228 0.020862
0.217532 0.588317 0.017393 0.020862
0.234926 0.588317 0.010436 0.020862
0.245362 0.588317 0.017393 0.020862
0.262755 0.588317 0.017393 0.020862
0.280148 0.588317 0.017393 0.020862
0.335807 0.588317 0.020872 0.020862
0.356679 0.588317 0.019290 0.020862
0.414658 0.587389 0.014520 0.021855
0.443415 0.587283 0.014520 0.021610
0.457793 0.587216 0.018114 0.021624
0.475766 0.587177 0.010925 0.021597
0.486549 0.587097 0.021709 0.021637
0.508117 0.587031 0.018114 0.021624
0.593228 0.586926 0.015770 0.023644
0.648423 0.586926 0.015770 0.023644
0.664193 0.586926 0.011827 0.023644
0.676020 0.586926 0.015770 0.023644
0.691790 0.586926 0.019712 0.023644
0.711503 0.586926 0.015770 0.023644
0.766698 0.586926 0.019712 0.023644
0.786410 0.586926 0.025605 0.023644
0.073643 0.649513 0.023295 0.023644
0.136364 0.649513 0.019712 0.023644
0.156076 0.649513 0.023655 0.023644
0.179731 0.649513 0.025510 0.023644
0.205473 0.649513 0.041280 0.023644
0.246753 0.649513 0.028441 0.023644
0.271210 0.648534 0.032683 0.024871
0.303677 0.648433 0.020508 0.024440
0.323969 0.648331 0.020508 0.024440
0.401077 0.647927 0.024566 0.024460
0.425427 0.647866 0.012391 0.024400
0.529070 0.643895 0.055810 0.030653
0.584879 0.643950 0.020408 0.030598
0.641002 0.643950 0.025510 0.030598
0.666512 0.643950 0.020408 0.030598
0.686920 0.643950 0.022263 0.030598
0.710575 0.643950 0.034323 0.030598
0.746289 0.643950 0.042672 0.030598
0.788961 0.643950 0.020408 0.030598
0.809369 0.643950 0.020408 0.030598
0.829777 0.643950 0.020408 0.030598
0.911410 0.643895 0.016885 0.030653
0.596899 0.703488 0.012563 0.011628
0.170543 0.784884 0.015504 0.015988
0.228573 0.782234 0.020396 0.020472
0.248749 0.782151 0.013671 0.020249
0.262199 0.782048 0.017033 0.020269
0.279012 0.781924 0.020396 0.020290
0.299188 0.781800 0.020396 0.020290
0.075581 0.848837 0.036084 0.014862
0.111665 0.848837 0.014304 0.014862
0.143411 0.842837 0.022405 0.026426
0.165816 0.842837 0.022032 0.026426
0.187848 0.842837 0.039657 0.026426
0.262755 0.842837 0.022032 0.026426
0.284787 0.842837 0.022032 0.026426
0.306818 0.842837 0.030844 0.026426
0.337662 0.842837 0.035250 0.026426
0.372913 0.842837 0.010808 0.026426
0.425654 0.843130 0.022726 0.027175
0.448265 0.843087 0.018204 0.027164
0.466354 0.843033 0.022726 0.027175
0.488965 0.842980 0.022726 0.027175
0.529666 0.842883 0.022726 0.027175
0.552277 0.842829 0.022726 0.027175
0.574888 0.842809 0.008503 0.027616
0.699612 0.848837 0.023022 0.017644
0.760320 0.848837 0.018750 0.017644
0.072320 0.923275 0.023203 0.022305
0.127767 0.919659 0.023205 0.022140
0.148560 0.918303 0.023205 0.022140
0.169354 0.917656 0.012355 0.021431
0.348837 0.922809 0.017350 0.017598
0.380682 0.922809 0.011596 0.017385
0.392277 0.922809 0.020292 0.017385
0.412570 0.922809 0.020292 0.017385
0.432862 0.922809 0.023191 0.017385
0.456053 0.922809 0.020292 0.017385
0.476345 0.922809 0.014494 0.017385
0.490840 0.922809 0.011596 0.017385
0.502435 0.922809 0.013069 0.017598
0.515504 0.921419 0.011862 0.017535
0.527365 0.921419 0.013332 0.017535
0.604651 0.924419 0.015504 0.014535
0.482558 0.979651 0.014659 0.011628
0.508349 0.979651 0.005217 0.011628