0.104651 0.149479 0.013491 0.026563
0.131424 0.149479 0.008854 0.026563
0.140278 0.149479 0.022135 0.026563
0.256944 0.260174 0.016311 0.023256
0.399225 0.260174 0.028553 0.021802
0.427778 0.260417 0.046267 0.021354
0.474045 0.260417 0.024913 0.021354
0.498958 0.260417 0.049826 0.021354
0.591493 0.260417 0.028472 0.021354
0.619965 0.260417 0.028472 0.021354
0.648438 0.260417 0.024913 0.021354
0.673351 0.260417 0.046267 0.021354
0.719618 0.260417 0.042708 0.021354
0.762326 0.260417 0.028472 0.021354
0.894010 0.260174 0.007152 0.021802
0.096899 0.297917 0.036174 0.030729
0.133073 0.297917 0.020486 0.030729
0.153559 0.297917 0.030729 0.030729
0.184288 0.297917 0.025608 0.030729
0.209896 0.297917 0.035851 0.030729
0.245747 0.297917 0.020486 0.030729
0.266233 0.297917 0.035851 0.030729
0.302083 0.297917 0.030729 0.030729
0.332813 0.297917 0.030729 0.030729
0.425000 0.297917 0.025608 0.030729
0.450608 0.297917 0.030729 0.030729
0.512066 0.297917 0.020486 0.030729
0.532552 0.297917 0.030729 0.030729
0.563281 0.297917 0.025608 0.030729
0.588889 0.297917 0.030729 0.030729
0.619618 0.297917 0.025608 0.030729
0.645226 0.297917 0.030729 0.030729
0.675955 0.297917 0.020486 0.030729
0.696441 0.297917 0.035851 0.030729
0.732292 0.297917 0.030729 0.030729
0.763021 0.297917 0.030729 0.030729
0.891059 0.297917 0.012042 0.030729
0.310865 0.369687 0.034058 0.020504
0.344718 0.369880 0.034058 0.020504
0.378571 0.370072 0.034058 0.020504
0.412424 0.370264 0.023902 0.020447
0.436122 0.370399 0.034058 0.020504
0.503828 0.370784 0.017132 0.020408
0.520755 0.370880 0.025291 0.020454
0.546448 0.371026 0.032062 0.020493
0.578305 0.371207 0.034058 0.020504
0.612158 0.371399 0.027288 0.020466
0.639241 0.371553 0.025291 0.020454
0.664934 0.371699 0.028677 0.020474
0.693406 0.371861 0.034058 0.020504
0.757727 0.372226 0.034058 0.020504
0.893140 0.372996 0.008131 0.020767
0.133682 0.436762 0.028519 0.033678
0.161456 0.436552 0.017409 0.033538
0.178120 0.436203 0.028519 0.033678
0.205894 0.435854 0.028519 0.033678
0.233668 0.435435 0.034073 0.033748
0.266997 0.435156 0.022964 0.033608
0.289216 0.434737 0.034073 0.033748
0.322545 0.434388 0.028519 0.033678
0.350319 0.433969 0.034073 0.033748
0.444750 0.432921 0.022964 0.033608
0.466969 0.432572 0.028519 0.033678
0.494743 0.432153 0.034073 0.033748
0.528071 0.431944 0.017409 0.033538
0.544736 0.431595 0.028519 0.033678
0.572510 0.431246 0.028519 0.033678
0.600283 0.430897 0.028519 0.033678
0.628057 0.430547 0.028519 0.033678
0.655831 0.430198 0.028519 0.033678
0.683605 0.429919 0.022964 0.033608
0.705824 0.429570 0.028519 0.033678
0.733598 0.429151 0.034073 0.033748
0.766927 0.428802 0.028519 0.033678
0.889132 0.427443 0.014432 0.033697
0.308140 0.502907 0.037433 0.020531
0.345573 0.503125 0.030469 0.020312
0.376042 0.503125 0.033854 0.020312
0.409896 0.503125 0.027083 0.020312
0.436979 0.503125 0.064323 0.020312
0.501302 0.503125 0.020312 0.020312
0.521615 0.503125 0.030469 0.020312
0.552083 0.503125 0.027083 0.020312
0.579167 0.503125 0.030469 0.020312
0.609635 0.503125 0.027083 0.020312
0.636719 0.503125 0.030469 0.020312
0.667188 0.503125 0.027083 0.020312
0.694271 0.503125 0.033854 0.020312
0.758594 0.503125 0.033854 0.020312
0.894010 0.502907 0.007152 0.020531
0.410853 0.565407 0.031769 0.017442
0.442622 0.565625 0.040104 0.017187
0.482726 0.565625 0.025781 0.017187
0.508507 0.565625 0.040104 0.017187
0.548611 0.565625 0.025781 0.017187
0.574392 0.565625 0.042969 0.017187
0.654601 0.565625 0.025781 0.017187
0.680382 0.565625 0.040104 0.017187
0.720486 0.565625 0.025781 0.017187
0.746267 0.565625 0.040104 0.017187
0.786372 0.565625 0.037240 0.017187
0.823611 0.565625 0.028646 0.017187
0.852257 0.565625 0.042969 0.017187
0.098837 0.623437 0.030156 0.026272
0.128993 0.623437 0.018294 0.026272
0.160853 0.625000 0.032897 0.024709
0.193750 0.625000 0.013614 0.024709
0.352713 0.629167 0.040690 0.020543
0.393403 0.629167 0.027083 0.020313
0.420486 0.629167 0.037240 0.020313
0.457726 0.629167 0.027083 0.020313
0.484809 0.629167 0.037240 0.020313
0.522049 0.629167 0.037240 0.020313
0.559288 0.629167 0.027083 0.020313
0.586372 0.629167 0.040625 0.020313
0.660851 0.629167 0.027083 0.020313
0.687934 0.629167 0.037240 0.020313
0.725174 0.629167 0.027083 0.020313
0.752257 0.629167 0.037240 0.020313
0.789497 0.629167 0.040625 0.020313
0.830122 0.629167 0.023698 0.020313
0.853819 0.629167 0.040625 0.020313
0.383721 0.698958 0.044057 0.014704
0.366279 0.757267 0.028860 0.021899
0.395139 0.757267 0.031218 0.021899
0.422481 0.755729 0.034464 0.026248
0.456944 0.755729 0.017862 0.026248
0.099673 0.816623 0.029585 0.035345
0.128758 0.816858 0.047025 0.035269
0.175283 0.817233 0.029578 0.035128
0.204361 0.817468 0.047025 0.035269
0.250886 0.817843 0.047025 0.035269
0.297411 0.818218 0.029578 0.035128
0.326489 0.818452 0.036783 0.035186
0.419540 0.819203 0.047025 0.035269
0.466065 0.819578 0.023763 0.035081
0.489327 0.819766 0.047025 0.035269
0.535852 0.820141 0.036783 0.035186
0.575173 0.820458 0.036783 0.035186
0.611456 0.820751 0.047025 0.035269
0.704506 0.821501 0.047025 0.035269
0.884791 0.822955 0.026765 0.035557