0.111311 0.165907 0.015521 0.022692
0.126589 0.165794 0.019340 0.022715
0.145685 0.165704 0.015521 0.022692
0.160963 0.165546 0.026979 0.022760
0.206795 0.165344 0.015521 0.022692
0.312377 0.168493 0.019104 0.019178
0.331481 0.168493 0.020188 0.019178
0.357564 0.165698 0.029010 0.024713
0.386574 0.165753 0.016667 0.024658
0.403241 0.165753 0.022685 0.024658
0.426389 0.165753 0.026852 0.024658
0.474074 0.165753 0.029167 0.024658
0.557407 0.165753 0.016667 0.024658
0.574074 0.165753 0.020833 0.024658
0.594907 0.165753 0.012500 0.024658
0.607407 0.165753 0.026852 0.024658
0.653241 0.165753 0.016667 0.024658
0.756321 0.165479 0.020962 0.024717
0.777155 0.165539 0.018647 0.024710
0.796136 0.165593 0.028832 0.024739
0.825302 0.165676 0.022814 0.024722
0.847987 0.165741 0.025128 0.024729
0.872987 0.165812 0.029295 0.024741
0.087571 0.201710 0.032374 0.023931
0.119063 0.202363 0.024484 0.023768
0.142665 0.202853 0.020551 0.023686
0.162333 0.203261 0.024484 0.023768
0.185935 0.203750 0.030269 0.023888
0.215553 0.204364 0.022402 0.023725
0.237072 0.204811 0.016617 0.023605
0.252806 0.205137 0.012683 0.023523
0.264607 0.205382 0.020551 0.023686
0.300010 0.206116 0.016617 0.023605
0.387033 0.203425 0.016670 0.024773
0.403704 0.203425 0.020833 0.024658
0.424537 0.203425 0.022685 0.024658
0.447685 0.203425 0.018519 0.024658
0.466204 0.203425 0.025000 0.024658
0.507870 0.203425 0.016667 0.024658
0.524537 0.203425 0.020833 0.024658
0.545370 0.203425 0.025000 0.024658
0.570370 0.203425 0.020833 0.024658
0.616204 0.203425 0.014445 0.024773
0.776031 0.245640 0.017682 0.013081
0.813360 0.244186 0.017682 0.015988
0.852652 0.244186 0.022232 0.017458
0.874074 0.244521 0.027894 0.017123
0.098232 0.299315 0.014847 0.029452
0.137963 0.299315 0.024884 0.029452
0.162847 0.299315 0.034838 0.029452
0.197685 0.299315 0.019907 0.029452
0.217593 0.299315 0.034838 0.029452
0.252431 0.299315 0.019907 0.029452
0.272338 0.299315 0.024884 0.029452
0.297222 0.299315 0.019907 0.029452
0.317130 0.299315 0.019907 0.029452
0.337037 0.299315 0.024884 0.029452
0.361921 0.299315 0.029861 0.029452
0.391782 0.299315 0.024884 0.029452
0.416667 0.299315 0.019907 0.029452
0.436574 0.299315 0.034838 0.029452
0.471412 0.299315 0.019747 0.029452
0.616896 0.382192 0.023498 0.014611
0.639120 0.382192 0.022962 0.014611
0.848723 0.380814 0.027897 0.023296
0.692130 0.423288 0.016204 0.009589
0.754420 0.422965 0.007501 0.014706
0.807466 0.422965 0.021933 0.013336
0.229862 0.475291 0.011788 0.010174
0.267191 0.473837 0.027138 0.014535
0.294329 0.473837 0.012155 0.014535
0.316306 0.475291 0.021611 0.011628
0.337917 0.473837 0.037328 0.015988
0.398821 0.475291 0.026642 0.013081
0.425463 0.475291 0.018545 0.013081
0.521807 0.470175 0.061657 0.022000
0.632454 0.474136 0.028118 0.020800
0.659275 0.475096 0.009456 0.020336
0.699411 0.475291 0.016677 0.014535
0.735532 0.475291 0.009065 0.014535
0.453831 0.552055 0.006354 0.019178
0.638507 0.549315 0.029664 0.016092
0.668171 0.549315 0.035169 0.016092
0.559921 0.632192 0.029546 0.016064
0.783890 0.632192 0.006851 0.019178
0.119843 0.713663 0.019393 0.013081
0.170923 0.713663 0.029540 0.014535
0.200463 0.713663 0.011718 0.014535
0.227898 0.713663 0.023576 0.014535
0.251473 0.713663 0.023576 0.013081
0.272434 0.708795 0.045139 0.017902
0.351670 0.713663 0.011788 0.015988
0.418468 0.713663 0.026208 0.014535
0.443403 0.713663 0.016322 0.014535
0.491159 0.713663 0.013752 0.014535
0.516699 0.713663 0.019759 0.013081
0.567780 0.713663 0.031410 0.014535
0.599190 0.713663 0.009848 0.014535
0.846758 0.713663 0.025695 0.014535
0.871181 0.713699 0.031019 0.014384
0.392927 0.800685 0.028832 0.014722
0.421759 0.800685 0.010461 0.014722
0.641667 0.799315 0.010593 0.016092
0.257367 0.875000 0.042401 0.017466
0.298958 0.875342 0.019213 0.017123
0.838900 0.876453 0.031471 0.011903