0.263542 0.129167 0.010156 0.020312
0.273698 0.129167 0.010156 0.020312
0.283854 0.129167 0.013542 0.020312
0.297396 0.129167 0.018316 0.020312
0.316319 0.129167 0.014931 0.020312
0.098698 0.146875 0.019531 0.039062
0.118229 0.146802 0.015492 0.039244
0.212500 0.154167 0.023611 0.033333
0.364341 0.164244 0.025194 0.015988
0.077450 0.214396 0.033905 0.040376
0.110869 0.214168 0.033905 0.040330
0.144288 0.213940 0.033905 0.040330
0.177706 0.213712 0.033905 0.040330
0.211125 0.213575 0.020537 0.040239
0.231176 0.213439 0.020537 0.040239
0.271279 0.213028 0.040589 0.040376
0.378219 0.212345 0.033905 0.040330
0.411638 0.211798 0.080691 0.040649
0.491843 0.211661 0.020537 0.040239
0.511894 0.211433 0.033905 0.040330
0.545313 0.211297 0.020537 0.040239
0.565364 0.211206 0.013854 0.040194
0.578731 0.211059 0.021926 0.040249
0.604078 0.210704 0.048661 0.040431
0.731069 0.209975 0.028610 0.040294
0.799295 0.209474 0.033905 0.040330
0.832714 0.209337 0.020537 0.040239
0.852765 0.209145 0.028610 0.040294
0.884795 0.209018 0.015242 0.040203
0.899551 0.208865 0.022962 0.040256
0.083333 0.297917 0.017361 0.026211
0.183160 0.297917 0.016453 0.026211
0.282782 0.289867 0.055889 0.033646
0.338337 0.290181 0.033667 0.033520
0.371670 0.290369 0.022556 0.033458
0.393891 0.290494 0.023945 0.033466
0.420279 0.290643 0.051722 0.033622
0.748062 0.295058 0.025896 0.026296
0.773958 0.295058 0.020615 0.026296
0.794574 0.297917 0.038933 0.016146
0.889931 0.297917 0.030612 0.016146
0.082356 0.359030 0.017474 0.024947
0.124842 0.356751 0.038804 0.025263
0.162126 0.356039 0.021462 0.024643
0.182069 0.355135 0.026838 0.024835
0.208601 0.354187 0.026838 0.024835
0.245886 0.352856 0.026838 0.024835
0.272418 0.351623 0.034815 0.025120
0.391892 0.347158 0.018966 0.035760
0.433196 0.347988 0.030768 0.035997
0.462700 0.348580 0.026255 0.035906
0.490815 0.349145 0.026255 0.035906
0.515806 0.349647 0.032156 0.036025
0.549821 0.350331 0.020355 0.035787
0.586614 0.351070 0.036668 0.036115
0.622017 0.351781 0.018966 0.035760
0.639719 0.352137 0.036668 0.036115
0.675123 0.352848 0.018966 0.035760
0.692825 0.353204 0.024887 0.035904
0.718992 0.360417 0.031008 0.018944
0.750000 0.360417 0.025194 0.018944
0.083333 0.424419 0.032812 0.021936
0.278880 0.417613 0.039274 0.033683
0.317767 0.417468 0.022608 0.033477
0.339989 0.417250 0.033719 0.033550
0.373321 0.417105 0.022608 0.033477
0.395542 0.416915 0.029552 0.033522
0.427485 0.416561 0.051774 0.033668
0.562016 0.417151 0.077568 0.033430
0.639583 0.417188 0.033333 0.033333
0.672917 0.417188 0.022222 0.033333
0.695139 0.417188 0.029167 0.033333
0.727083 0.417188 0.023611 0.033333
0.750694 0.417188 0.029167 0.033333
0.782639 0.417188 0.051389 0.033333
0.081395 0.482558 0.027719 0.032025
0.111632 0.482812 0.050434 0.031771
0.164583 0.482812 0.049045 0.031771
0.213628 0.482812 0.015885 0.031771
0.229514 0.482812 0.031771 0.031771
0.261285 0.482812 0.027865 0.031771
0.291667 0.482812 0.022569 0.031771
0.314236 0.482812 0.026476 0.031771
0.340712 0.482812 0.021181 0.031771
0.361892 0.482812 0.026476 0.031771
0.388368 0.482812 0.021181 0.031771
0.409549 0.482812 0.027865 0.031771
0.494271 0.482812 0.042361 0.031771
0.536632 0.482812 0.047656 0.031771
0.584288 0.482812 0.021181 0.031771
0.605469 0.482812 0.031771 0.031771
0.637240 0.482812 0.026476 0.031771
0.706076 0.482812 0.027865 0.031771
0.884722 0.482558 0.031944 0.032025
0.083333 0.550872 0.044878 0.024709
0.225868 0.545312 0.030208 0.030208
0.279861 0.545312 0.038021 0.030208
0.320139 0.545312 0.026563 0.030208
0.346701 0.545312 0.026562 0.030208
0.375521 0.545312 0.021528 0.030208
0.397049 0.545312 0.031597 0.030208
0.430903 0.545312 0.021528 0.030208
0.452431 0.545312 0.025174 0.030208
0.523256 0.543605 0.041328 0.030523
0.566840 0.543605 0.068819 0.030523
0.629845 0.543605 0.038471 0.031977
0.670833 0.543750 0.027865 0.031771
0.698698 0.543750 0.022569 0.031771
0.723785 0.543750 0.022569 0.031771
0.762240 0.543750 0.022569 0.031771
0.787326 0.543750 0.049045 0.031771
0.238889 0.595833 0.033333 0.050000
0.272222 0.595833 0.034722 0.050000
0.312500 0.595833 0.018056 0.050000
0.330556 0.595833 0.025000 0.050000
0.355556 0.595833 0.025000 0.050000
0.380556 0.595833 0.025000 0.050000
0.405556 0.595833 0.016667 0.050000
0.588889 0.595833 0.016667 0.050000
0.605556 0.595833 0.041667 0.050000
0.647222 0.595833 0.016667 0.050000
0.730556 0.595833 0.025000 0.050000
0.755556 0.595833 0.033333 0.050000
0.788889 0.595833 0.026389 0.050000
0.847222 0.595833 0.026389 0.050000
0.879167 0.595833 0.026389 0.050000
0.905556 0.595833 0.016667 0.050000
0.083333 0.662500 0.018750 0.037500
0.183333 0.662500 0.043750 0.037500
0.227083 0.662500 0.018750 0.037500
0.281944 0.662500 0.038889 0.037500
0.320833 0.662500 0.018750 0.037500
0.339583 0.662500 0.031250 0.037500
0.370833 0.662500 0.018750 0.037500
0.389583 0.662500 0.031250 0.037500
0.439583 0.662500 0.043750 0.037500
0.583333 0.662500 0.018750 0.037500
0.638194 0.662500 0.045139 0.037500
0.683333 0.662500 0.018750 0.037500
0.702083 0.662500 0.031250 0.037500
0.733333 0.662500 0.025000 0.037500
0.758333 0.662500 0.037500 0.037500
0.795833 0.662500 0.043750 0.037500
0.889583 0.662500 0.031250 0.037500
0.083333 0.720833 0.061111 0.045833
0.144444 0.720833 0.038194 0.045833
0.182639 0.720833 0.022917 0.045833
0.205556 0.720833 0.024306 0.045833
0.234722 0.720833 0.016667 0.045833
0.251389 0.720833 0.038194 0.045833
0.289583 0.720833 0.045833 0.045833
0.404167 0.720833 0.022917 0.045833
0.427083 0.720833 0.030556 0.045833
0.457639 0.720833 0.031944 0.045833
0.526389 0.720833 0.024306 0.045833
0.555556 0.720833 0.024306 0.045833
0.579861 0.720833 0.038194 0.045833
0.618056 0.720833 0.022917 0.045833
0.694444 0.720833 0.031944 0.045833
0.731250 0.720833 0.048611 0.045833
0.784722 0.720833 0.031944 0.045833
0.816667 0.720833 0.022917 0.045833
0.839583 0.720833 0.030556 0.045833
0.870139 0.720833 0.022917 0.045833
0.893056 0.720833 0.029167 0.045833
0.083333 0.802083 0.032292 0.016231
0.329101 0.799710 0.025496 0.030505
0.353836 0.799139 0.040337 0.030253
0.393412 0.798925 0.015602 0.029896
0.432988 0.798069 0.035390 0.030181
0.467617 0.797783 0.020549 0.029967
0.487405 0.797284 0.035390 0.030181
0.522034 0.796999 0.020549 0.029967
0.541822 0.796428 0.040337 0.030253
0.581398 0.796142 0.020549 0.029967
0.601186 0.795643 0.035390 0.030181
0.635815 0.795286 0.025496 0.030039
0.660550 0.794858 0.030443 0.030110
0.690232 0.794501 0.025496 0.030039
0.714967 0.794280 0.016108 0.030149
0.741136 0.796630 0.026835 0.029872
0.764471 0.794004 0.040837 0.030627
0.801807 0.791707 0.036170 0.030299
0.220747 0.853674 0.030316 0.036509
0.250694 0.853467 0.036305 0.036144
0.286631 0.853294 0.030316 0.036109
0.370482 0.852706 0.048284 0.036213
0.418397 0.852602 0.018337 0.036040
0.612403 0.866279 0.038760 0.015988
0.744186 0.867708 0.034286 0.014583