0.056452 0.235465 0.055829 0.020540
0.112281 0.235777 0.031579 0.020228
0.143860 0.235777 0.031579 0.020228
0.175439 0.235777 0.031579 0.020228
0.207018 0.235777 0.029825 0.020228
0.236842 0.235777 0.054386 0.020228
0.291228 0.235777 0.028070 0.020228
0.319298 0.235777 0.031579 0.020228
0.350877 0.235777 0.052632 0.020228
0.403509 0.235777 0.031579 0.020228
0.435088 0.235777 0.031579 0.020228
0.466667 0.235777 0.028070 0.020228
0.494737 0.235777 0.052632 0.020228
0.547368 0.235777 0.031579 0.020228
0.578947 0.235777 0.031579 0.020228
0.610526 0.235465 0.016490 0.020540
0.064516 0.302149 0.033291 0.037967
0.150439 0.302149 0.032895 0.037927
0.183333 0.302149 0.059211 0.037927
0.334649 0.302149 0.026316 0.037927
0.360965 0.302149 0.032895 0.037927
0.393860 0.302149 0.052632 0.037927
0.446491 0.302149 0.039474 0.037927
0.485965 0.302149 0.032895 0.037927
0.518860 0.302149 0.019737 0.037927
0.538596 0.302149 0.021887 0.037967
0.591339 0.301822 0.036035 0.023340
0.650918 0.303969 0.033949 0.023265
0.683334 0.305138 0.032197 0.023202
0.713997 0.306243 0.028364 0.023063
0.740828 0.307210 0.032197 0.023202
0.771491 0.308315 0.024531 0.022925
0.794489 0.309144 0.016794 0.022733
0.870968 0.306574 0.028155 0.020461
0.899123 0.306574 0.040393 0.020461
0.387097 0.379267 0.021127 0.024803
0.408224 0.379267 0.038487 0.024652
0.446711 0.379267 0.029934 0.024652
0.502303 0.379267 0.025658 0.024652
0.527961 0.379267 0.047039 0.024652
0.575000 0.379267 0.025658 0.024652
0.600658 0.379267 0.025658 0.024652
0.626316 0.379267 0.025658 0.024652
0.651974 0.379267 0.047039 0.024652
0.699013 0.379267 0.029934 0.024652
0.728947 0.379267 0.025658 0.024652
0.754605 0.379267 0.025658 0.024652
0.780263 0.379267 0.047039 0.024652
0.827303 0.379267 0.025658 0.024652
0.852961 0.379267 0.025658 0.024652
0.878618 0.379267 0.025658 0.024652
0.904276 0.379267 0.025658 0.024652
0.929934 0.379267 0.007566 0.024803
0.320565 0.450581 0.018800 0.015988
0.353070 0.450581 0.013865 0.015988
0.473790 0.450581 0.044631 0.021802
0.563158 0.450581 0.019503 0.021802
0.651013 0.450147 0.051274 0.018893
0.717793 0.450887 0.012242 0.019024
0.054435 0.514535 0.033503 0.021802
0.087939 0.514539 0.033553 0.021492
0.514813 0.513239 0.032751 0.026721
0.546262 0.514061 0.014781 0.026252
0.573218 0.514765 0.023766 0.026486
0.595681 0.515351 0.023766 0.026486
0.618145 0.515938 0.023766 0.026486
0.640608 0.516525 0.023766 0.026486
0.663071 0.517112 0.023766 0.026486
0.685535 0.517698 0.023766 0.026486
0.707998 0.518285 0.028259 0.026604
0.734954 0.518989 0.019273 0.026369
0.752925 0.519459 0.034505 0.026767
0.787113 0.520352 0.038997 0.026884
0.851763 0.522040 0.011845 0.026351
0.881048 0.520228 0.024215 0.017699
0.905263 0.520228 0.032237 0.017699
0.060484 0.591570 0.027455 0.024739
0.088706 0.591656 0.027412 0.024652
0.116118 0.591656 0.025658 0.024652
0.141776 0.591656 0.025658 0.024652
0.167434 0.591656 0.021382 0.024652
0.188816 0.591656 0.047039 0.024652
0.235855 0.591656 0.029934 0.024652
0.300000 0.591656 0.025658 0.024652
0.325658 0.591656 0.029934 0.024652
0.355592 0.591570 0.017392 0.024739
0.387097 0.592920 0.036587 0.017699
0.423684 0.592920 0.011800 0.017699
0.509895 0.593225 0.052320 0.027944
0.561755 0.593018 0.024033 0.027386
0.585328 0.592852 0.019318 0.027345
0.604186 0.592603 0.028748 0.027427
0.670190 0.592049 0.025787 0.027401
0.696723 0.591816 0.025787 0.027401
0.722050 0.591567 0.028748 0.027427
0.750337 0.591401 0.019318 0.027345
0.769196 0.591199 0.023454 0.027488
0.800403 0.594185 0.028106 0.016435
0.828509 0.594185 0.022298 0.016435
0.062500 0.666877 0.024123 0.023530
0.115022 0.666877 0.022039 0.023388
0.137610 0.666877 0.038268 0.023388
0.175877 0.666877 0.024342 0.023388
0.200219 0.666877 0.012171 0.023388
0.212390 0.666877 0.020285 0.023388
0.232675 0.666877 0.022039 0.023388
0.255263 0.666877 0.026096 0.023388
0.281360 0.666877 0.024342 0.023388
0.305702 0.666877 0.028399 0.023388
0.334101 0.666877 0.020285 0.023388
0.354386 0.666877 0.024342 0.023388
0.378728 0.666877 0.020285 0.023388
0.399013 0.666877 0.020285 0.023388
0.419298 0.666877 0.024342 0.023388
0.472039 0.666877 0.022039 0.023388
0.494627 0.666877 0.030154 0.023388
0.524781 0.666877 0.024342 0.023388
0.549123 0.666877 0.016228 0.023388
0.565351 0.666877 0.024342 0.023388
0.589693 0.666877 0.020285 0.023388
0.609978 0.666877 0.025103 0.023530
0.654386 0.662791 0.012953 0.023256
0.685372 0.667382 0.026320 0.021943
0.711467 0.667271 0.020619 0.021602
0.752475 0.667038 0.022593 0.021613
0.774843 0.666916 0.022593 0.021613
0.797211 0.666779 0.025482 0.021802
0.844737 0.663085 0.027412 0.031606
0.872149 0.663085 0.054825 0.031606
0.926974 0.662791 0.014559 0.031977
0.058176 0.727243 0.022019 0.031281
0.079670 0.727432 0.022014 0.031160
0.101160 0.727620 0.022014 0.031160
0.122650 0.727809 0.022014 0.031160
0.144139 0.727998 0.027386 0.031207
0.171001 0.728234 0.022014 0.031160
0.192491 0.728423 0.022014 0.031160
0.235470 0.728801 0.027386 0.031207
0.294567 0.729321 0.029141 0.031223
0.325047 0.729589 0.023768 0.031176
0.348291 0.729793 0.027386 0.031207
0.375153 0.730029 0.016642 0.031113
0.391270 0.730171 0.027386 0.031207
0.418132 0.730407 0.016642 0.031113
0.434249 0.730549 0.027386 0.031207
0.507709 0.731195 0.029141 0.031223
0.536325 0.731446 0.022014 0.031160
0.573932 0.731777 0.027386 0.031207
0.600794 0.732013 0.022014 0.031160
0.622284 0.732202 0.027386 0.031207
0.649146 0.732438 0.048876 0.031396
0.697497 0.732863 0.027386 0.031207
0.724359 0.733100 0.027386 0.031207
0.767339 0.733477 0.016642 0.031113
0.783456 0.733619 0.032759 0.031255
0.815690 0.733902 0.022014 0.031160
0.837180 0.734091 0.022014 0.031160
0.858669 0.734280 0.027386 0.031207
0.885532 0.734517 0.022014 0.031160
0.907021 0.734705 0.022014 0.031160
0.928511 0.734894 0.011407 0.031376
0.055951 0.815664 0.029307 0.024433
0.114283 0.815494 0.026895 0.024102
0.141695 0.815410 0.026895 0.024102
0.168449 0.815341 0.022728 0.024089
0.210116 0.815214 0.022728 0.024089
0.233361 0.815131 0.026895 0.024102
0.260115 0.815062 0.022728 0.024089
0.301782 0.814971 0.011035 0.024345
0.338710 0.812263 0.026751 0.030973
0.365461 0.812263 0.021491 0.030973
0.403070 0.812263 0.026864 0.030973
0.429934 0.812263 0.021491 0.030973
0.451425 0.812263 0.039364 0.030973
0.492654 0.812263 0.066228 0.030973
0.558882 0.812263 0.021491 0.030973
0.580373 0.812263 0.026864 0.030973
0.623355 0.812263 0.026864 0.030973
0.650219 0.812263 0.026864 0.030973
0.677083 0.812263 0.021491 0.030973
0.698575 0.812263 0.026864 0.030973
0.725439 0.812263 0.026864 0.030973
0.752303 0.812263 0.021491 0.030973
0.773794 0.812263 0.026864 0.030973
0.800658 0.812263 0.021491 0.030973
0.822149 0.812263 0.026864 0.030973
0.875877 0.812263 0.026864 0.030973
0.902741 0.812263 0.021491 0.030973
0.924232 0.812263 0.015284 0.030973