0.133000 0.155714 0.010000 0.014286
0.143000 0.155523 0.009439 0.014535
0.120000 0.203571 0.012000 0.022857
0.132000 0.203571 0.022000 0.022857
0.154000 0.203571 0.018000 0.022857
0.172000 0.203571 0.018000 0.022857
0.190000 0.203488 0.023415 0.023256
0.261000 0.206429 0.015000 0.021429
0.298500 0.206429 0.026250 0.021429
0.324750 0.206429 0.018750 0.021429
0.373500 0.206429 0.018750 0.021429
0.414750 0.206429 0.022500 0.021429
0.437250 0.206429 0.018750 0.021429
0.456000 0.206429 0.018750 0.021429
0.474750 0.206429 0.018750 0.021429
0.493500 0.206395 0.012598 0.021802
0.506098 0.210714 0.037902 0.011669
0.570000 0.210714 0.021463 0.011669
0.735772 0.203488 0.022728 0.021802
0.758500 0.203488 0.015890 0.021802
0.835000 0.203571 0.024000 0.022857
0.859000 0.203571 0.020000 0.022857
0.237713 0.274307 0.036141 0.026257
0.341215 0.274592 0.018138 0.025764
0.359214 0.274641 0.022638 0.025776
0.395214 0.274740 0.027138 0.025788
0.476214 0.274963 0.018138 0.025764
0.494213 0.275012 0.031638 0.025801
0.525713 0.275099 0.022638 0.025776
0.606713 0.275322 0.018138 0.025764
0.624712 0.275371 0.027138 0.025788
0.651712 0.275446 0.027138 0.025788
0.732712 0.275668 0.018138 0.025764
0.750712 0.275718 0.027138 0.025788
0.777711 0.275792 0.027138 0.025788
0.863211 0.276027 0.013639 0.025751
0.876711 0.276064 0.017692 0.026306
0.103659 0.344286 0.032716 0.026429
0.191875 0.344286 0.018500 0.026429
0.210375 0.344286 0.027750 0.026429
0.238125 0.344286 0.027750 0.026429
0.326000 0.344286 0.018500 0.026429
0.344500 0.344286 0.027750 0.026429
0.372250 0.344286 0.027750 0.026429
0.506375 0.344286 0.027750 0.026429
0.594250 0.344286 0.018500 0.026429
0.612750 0.344286 0.027750 0.026429
0.640500 0.344286 0.027750 0.026429
0.728375 0.344286 0.013875 0.026429
0.742250 0.344286 0.032375 0.026429
0.774625 0.344286 0.027750 0.026429
0.857875 0.344286 0.018500 0.026429
0.876375 0.344286 0.011836 0.026429
0.103442 0.409090 0.031913 0.025994
0.206939 0.409934 0.013910 0.025823
0.220438 0.410044 0.031909 0.025970
0.251936 0.410301 0.027409 0.025933
0.341930 0.411035 0.031909 0.025970
0.373428 0.411292 0.031909 0.025970
0.463422 0.412026 0.036409 0.026006
0.499420 0.412320 0.031909 0.025970
0.589414 0.413054 0.018410 0.025859
0.607413 0.413200 0.031909 0.025970
0.638911 0.413457 0.027409 0.025933
0.724405 0.414155 0.018410 0.025859
0.755903 0.414412 0.022910 0.025896
0.778402 0.414595 0.031909 0.025970
0.099593 0.476429 0.011657 0.032292
0.128125 0.476429 0.016875 0.032143
0.145000 0.476429 0.018875 0.032143
0.165500 0.476429 0.024500 0.032143
0.190000 0.476429 0.022500 0.032143
0.212500 0.476429 0.033750 0.032143
0.268750 0.476429 0.016875 0.032143
0.285625 0.476429 0.016875 0.032143
0.334250 0.476429 0.018875 0.032143
0.353125 0.476429 0.028125 0.032143
0.381250 0.476429 0.028125 0.032143
0.443125 0.476429 0.033750 0.032143
0.729592 0.484190 0.035165 0.020496
0.764591 0.484108 0.019665 0.020082
0.783591 0.483998 0.026665 0.020112
0.810090 0.483895 0.024665 0.020103
0.834590 0.483747 0.035165 0.020148
0.205285 0.622093 0.021215 0.030764
0.226500 0.622143 0.043000 0.030714
0.269500 0.622143 0.028875 0.030714
0.305125 0.622143 0.045000 0.030714
0.350125 0.622143 0.023500 0.030714
0.375000 0.622143 0.028875 0.030714
0.403875 0.622143 0.026875 0.030714
0.430750 0.622143 0.032250 0.030714
0.463000 0.622143 0.021500 0.030714
0.484500 0.622143 0.021500 0.030714
0.506000 0.622143 0.032250 0.030714
0.538250 0.622143 0.021500 0.030714
0.559750 0.622143 0.032250 0.030714
0.592000 0.622143 0.032250 0.030714
0.624250 0.622143 0.016125 0.030714
0.640375 0.622143 0.026875 0.030714
0.667250 0.622143 0.032250 0.030714
0.699500 0.622143 0.048375 0.030714
0.747875 0.622143 0.032250 0.030714
0.850000 0.622093 0.050407 0.030764
0.103659 0.693314 0.030841 0.027616
0.159000 0.693571 0.025750 0.027143
0.184750 0.693571 0.023750 0.027143
0.208500 0.693571 0.038000 0.027143
0.246500 0.693571 0.028500 0.027143
0.275000 0.693571 0.028500 0.027143
0.303500 0.693571 0.033250 0.027143
0.370000 0.693571 0.019000 0.027143
0.417500 0.693571 0.028500 0.027143
0.446000 0.693571 0.028500 0.027143
0.515250 0.693571 0.032500 0.027143
0.645500 0.693571 0.028500 0.027143
0.674000 0.693571 0.033250 0.027143
0.707250 0.693571 0.025750 0.027143
0.169625 0.770000 0.017367 0.017857
0.213415 0.768571 0.052710 0.017857
0.297375 0.768571 0.028125 0.017857
0.325500 0.768571 0.022061 0.017857
0.379444 0.759852 0.032292 0.029047
0.494698 0.758324 0.016576 0.028806
0.510414 0.757922 0.027053 0.028967
0.634075 0.764335 0.036144 0.023256
0.702076 0.764551 0.028142 0.022946
0.730076 0.764640 0.030158 0.023351
0.770294 0.919954 0.018063 0.013081
0.788295 0.919998 0.009062 0.012879
0.797295 0.920020 0.011312 0.012885
0.808545 0.920047 0.009062 0.012879
0.817545 0.920069 0.011312 0.012885
0.828795 0.920097 0.009062 0.012879
0.837795 0.920119 0.011312 0.012885
0.849045 0.920146 0.006678 0.013098