0.090349 0.164047 0.027359 0.029470
0.120139 0.164047 0.034028 0.029470
0.156597 0.164047 0.027431 0.029470
0.184028 0.164047 0.027431 0.029470
0.213889 0.164047 0.022222 0.029470
0.236111 0.164047 0.032639 0.029470
0.271181 0.164047 0.032639 0.029470
0.303819 0.164047 0.031250 0.029470
0.335069 0.164047 0.032639 0.029470
0.370139 0.164047 0.022222 0.029470
0.392361 0.164047 0.031250 0.029470
0.423611 0.164047 0.020833 0.029470
0.444444 0.164047 0.026042 0.029470
0.491319 0.164047 0.026042 0.029470
0.517361 0.164047 0.031250 0.029470
0.548611 0.164047 0.022222 0.029470
0.573264 0.164047 0.027431 0.029470
0.600694 0.164047 0.031250 0.029470
0.631944 0.164047 0.020833 0.029470
0.652778 0.164047 0.026042 0.029470
0.704861 0.164047 0.020833 0.029470
0.725694 0.164047 0.031250 0.029470
0.756944 0.164047 0.020833 0.029470
0.777778 0.164047 0.027431 0.029470
0.807639 0.164047 0.017014 0.029470
0.824653 0.164047 0.015625 0.029470
0.870139 0.164047 0.022222 0.029470
0.892361 0.164047 0.026042 0.029470
0.075975 0.228198 0.026694 0.018895
0.088296 0.257267 0.035315 0.027616
0.125694 0.257367 0.064583 0.027505
0.190278 0.257367 0.019444 0.027505
0.209722 0.257367 0.024306 0.027505
0.234028 0.257367 0.024306 0.027505
0.258333 0.257367 0.030556 0.027505
0.290972 0.257367 0.046528 0.027505
0.339583 0.257367 0.046528 0.027505
0.388194 0.257367 0.031944 0.027505
0.422222 0.257367 0.050000 0.027505
0.472222 0.257367 0.030556 0.027505
0.504861 0.257367 0.046528 0.027505
0.553472 0.257367 0.046528 0.027505
0.602083 0.257367 0.030556 0.027505
0.632639 0.257367 0.019444 0.027505
0.681250 0.257367 0.035417 0.027505
0.718750 0.257367 0.030556 0.027505
0.749306 0.257367 0.020833 0.027505
0.772222 0.257367 0.025694 0.027505
0.797917 0.257367 0.025694 0.027505
0.825694 0.257367 0.020833 0.027505
0.846528 0.257367 0.020833 0.027505
0.869444 0.257367 0.025694 0.027505
0.895139 0.257267 0.032993 0.027616
0.260780 0.319745 0.019081 0.017682
0.279861 0.319745 0.015827 0.017682
0.090349 0.350196 0.037429 0.023576
0.127778 0.350196 0.029167 0.023576
0.156944 0.350196 0.025000 0.023576
0.181944 0.350196 0.025000 0.023576
0.236111 0.350196 0.038889 0.023576
0.276389 0.350196 0.030556 0.023576
0.306944 0.350196 0.029167 0.023576
0.336111 0.350196 0.025000 0.023576
0.390278 0.350196 0.033333 0.023576
0.423611 0.350196 0.020833 0.023576
0.444444 0.350196 0.038889 0.023576
0.484722 0.350196 0.030556 0.023576
0.515278 0.350196 0.033333 0.023576
0.548611 0.350196 0.033333 0.023576
0.581944 0.350196 0.020833 0.023576
0.602778 0.350196 0.029167 0.023576
0.631944 0.350196 0.025000 0.023576
0.656944 0.350196 0.045833 0.023576
0.702778 0.350196 0.025000 0.023576
0.727778 0.350196 0.029167 0.023576
0.756944 0.350196 0.020833 0.023576
0.777778 0.350196 0.029167 0.023576
0.806944 0.350196 0.016667 0.023576
0.823611 0.350196 0.016667 0.023576
0.840278 0.350196 0.029167 0.023576
0.869444 0.350196 0.025000 0.023576
0.894444 0.350196 0.033687 0.023576
0.496920 0.411100 0.015927 0.017682
0.512847 0.411100 0.016927 0.017682
0.090349 0.441860 0.040380 0.024741
0.132292 0.442043 0.046181 0.024558
0.180035 0.442043 0.031771 0.024558
0.211806 0.442043 0.026042 0.024558
0.237847 0.442043 0.021701 0.024558
0.259549 0.442043 0.036111 0.024558
0.297222 0.442043 0.027431 0.024558
0.324653 0.442043 0.023090 0.024558
0.349306 0.442043 0.023090 0.024558
0.372396 0.442043 0.021701 0.024558
0.394097 0.442043 0.030382 0.024558
0.424479 0.442043 0.017361 0.024558
0.472222 0.442043 0.036111 0.024558
0.509896 0.442043 0.027431 0.024558
0.537326 0.442043 0.030382 0.024558
0.567708 0.442043 0.036111 0.024558
0.605382 0.442043 0.027431 0.024558
0.632812 0.442043 0.026042 0.024558
0.658854 0.442043 0.026042 0.024558
0.684896 0.442043 0.043403 0.024558
0.728299 0.442043 0.040451 0.024558
0.813715 0.442043 0.031771 0.024558
0.845486 0.442043 0.026042 0.024558
0.871528 0.442043 0.021701 0.024558
0.893229 0.441860 0.034902 0.024741
0.708419 0.502907 0.016581 0.015988
0.725000 0.502907 0.014220 0.015988
0.090349 0.533399 0.052967 0.023287
0.253472 0.533399 0.048958 0.023084
0.302431 0.533399 0.053038 0.023084
0.355469 0.533399 0.053038 0.023084
0.408507 0.533399 0.032639 0.023084
0.441146 0.533399 0.036719 0.023084
0.477865 0.533399 0.040799 0.023084
0.518663 0.533399 0.053038 0.023084
0.628819 0.533399 0.048958 0.023084
0.730816 0.533399 0.048958 0.023084
0.779774 0.533399 0.057118 0.023084
0.836892 0.533399 0.032639 0.023084
0.869531 0.533399 0.036719 0.023084
0.906250 0.533399 0.019828 0.023287
0.090349 0.619186 0.051144 0.029144
0.192708 0.619352 0.051215 0.028978
0.269531 0.619352 0.020486 0.028978
0.290017 0.619352 0.042361 0.028978
0.334722 0.619352 0.057726 0.028978
0.392448 0.619352 0.030729 0.028978
0.423177 0.619352 0.035851 0.028978
0.459028 0.619352 0.046094 0.028978
0.505122 0.619352 0.051215 0.028978
0.607552 0.619352 0.020486 0.028978
0.628038 0.619352 0.030729 0.028978
0.658767 0.619352 0.020486 0.028978
0.679253 0.619352 0.046094 0.028978
0.725347 0.619352 0.051215 0.028978
0.776563 0.619352 0.051215 0.028978
0.827778 0.619352 0.020486 0.028978
0.848264 0.619352 0.030729 0.028978
0.878993 0.619352 0.020486 0.028978
0.899479 0.619186 0.032759 0.029144
0.075975 0.683140 0.016212 0.018895
0.092188 0.683140 0.014589 0.018895
0.197357 0.717281 0.056195 0.024027
0.298790 0.713655 0.056195 0.024027
0.353408 0.713092 0.017332 0.022637
0.404005 0.704553 0.169840 0.031464
0.624195 0.707800 0.057179 0.029803
0.706122 0.709009 0.021336 0.029274
0.726603 0.709311 0.052058 0.029727
0.777807 0.710066 0.023538 0.029755
0.273101 0.774558 0.015441 0.017682
0.288542 0.774558 0.015360 0.017682
0.186632 0.810904 0.031027 0.013261
0.285764 0.809430 0.050174 0.020629
0.336806 0.809430 0.024591 0.020629
0.389772 0.805326 0.027332 0.024311
0.418154 0.804924 0.044346 0.024453
0.462074 0.804548 0.042957 0.024441
0.504606 0.804097 0.051463 0.024516
0.593008 0.805464 0.034287 0.021671
0.626595 0.806022 0.020747 0.021447
0.647596 0.806370 0.031942 0.021632
0.678837 0.806888 0.039405 0.021756
0.718496 0.807546 0.054331 0.022004
0.772127 0.808436 0.035673 0.021694
0.828102 0.809365 0.019358 0.021424
0.846760 0.809674 0.020747 0.021447
0.867761 0.810023 0.028210 0.021570
0.895271 0.810479 0.035395 0.021787
0.092402 0.901163 0.055341 0.014535
0.203125 0.901163 0.024801 0.014535
0.242300 0.896802 0.057495 0.023256