0.438272 0.072620 0.062423 0.022080
0.500694 0.072620 0.023438 0.022080
0.524132 0.072620 0.020920 0.022080
0.546181 0.072620 0.032639 0.022080
0.578819 0.072620 0.015625 0.022080
0.594444 0.072620 0.024826 0.022080
0.620399 0.072620 0.028733 0.022080
0.649132 0.072620 0.009304 0.022080
0.094650 0.188911 0.051878 0.024752
0.146528 0.188911 0.021701 0.024534
0.168229 0.188911 0.026042 0.024534
0.194271 0.188911 0.021701 0.024534
0.215972 0.188911 0.017361 0.024534
0.233333 0.188911 0.021701 0.024534
0.255035 0.188911 0.049132 0.024534
0.305729 0.188911 0.031771 0.024534
0.337500 0.188911 0.013021 0.024534
0.350521 0.188911 0.026042 0.024534
0.376563 0.188911 0.017361 0.024534
0.393924 0.188911 0.026042 0.024534
0.419965 0.188911 0.026042 0.024534
0.467708 0.188911 0.017361 0.024534
0.485069 0.188911 0.017361 0.024534
0.502431 0.188911 0.017361 0.024534
0.519792 0.188911 0.013021 0.024534
0.532813 0.188911 0.026042 0.024534
0.558854 0.188911 0.026042 0.024534
0.584896 0.188911 0.026042 0.024534
0.610938 0.188911 0.017361 0.024534
0.628299 0.188911 0.013021 0.024534
0.641319 0.188911 0.017361 0.024534
0.658681 0.188911 0.026042 0.024534
0.684722 0.188911 0.013021 0.024534
0.706424 0.188911 0.015799 0.024752
0.298354 0.244186 0.023261 0.026177
0.321615 0.244357 0.018403 0.026006
0.340017 0.244357 0.018403 0.026006
0.358420 0.244357 0.018403 0.026006
0.376823 0.244357 0.023003 0.026006
0.399826 0.244357 0.023003 0.026006
0.445833 0.244357 0.013802 0.026006
0.459635 0.244357 0.015191 0.026006
0.476649 0.244357 0.019792 0.026006
0.547049 0.244357 0.018403 0.026006
0.565451 0.244357 0.019792 0.026006
0.587066 0.244357 0.024392 0.026006
0.611458 0.244357 0.019792 0.026006
0.633073 0.244357 0.019792 0.026006
0.652865 0.244357 0.023003 0.026006
0.675868 0.244357 0.018403 0.026006
0.712674 0.244357 0.018403 0.026006
0.731076 0.244357 0.018403 0.026006
0.749479 0.244357 0.023003 0.026006
0.772483 0.244357 0.018403 0.026006
0.790885 0.244357 0.013802 0.026006
0.804688 0.244357 0.023003 0.026006
0.827691 0.244357 0.024392 0.026006
0.853906 0.244357 0.024392 0.026006
0.878299 0.244357 0.023003 0.026006
0.267322 0.315153 0.028102 0.026591
0.294924 0.314932 0.023502 0.026225
0.317925 0.314755 0.018902 0.026180
0.380940 0.313959 0.038691 0.026371
0.419131 0.313783 0.018902 0.026180
0.437532 0.313562 0.023502 0.026225
0.460533 0.313385 0.018902 0.026180
0.478934 0.313164 0.023502 0.026225
0.501936 0.312885 0.029491 0.026282
0.532749 0.312633 0.024891 0.026238
0.557139 0.312500 0.014301 0.026136
0.570940 0.312279 0.023502 0.026225
0.593941 0.312103 0.018902 0.026180
0.612342 0.311970 0.014301 0.026136
0.626143 0.311705 0.028102 0.026269
0.653745 0.311439 0.028102 0.026269
0.681346 0.311263 0.018902 0.026180
0.699747 0.310984 0.029491 0.026282
0.730560 0.310776 0.020290 0.026194
0.764151 0.310467 0.018902 0.026180
0.782552 0.310246 0.023502 0.026225
0.805553 0.310025 0.023502 0.026225
0.828555 0.309715 0.032702 0.026313
0.860757 0.309538 0.018902 0.026180
0.879158 0.309248 0.030696 0.026326
0.098765 0.431686 0.024759 0.020349
0.123524 0.431796 0.021354 0.020118
0.144878 0.431796 0.021354 0.020118
0.166233 0.431796 0.028472 0.020118
0.194705 0.431796 0.021354 0.020118
0.216059 0.431796 0.024913 0.020118
0.240972 0.431796 0.024913 0.020118
0.265885 0.431796 0.021354 0.020118
0.287240 0.431796 0.021354 0.020118
0.308594 0.431686 0.018567 0.020349
0.333333 0.428779 0.048611 0.027616
0.381944 0.428852 0.019444 0.027478
0.401389 0.428852 0.043750 0.027478
0.445139 0.428852 0.034028 0.027478
0.479167 0.428852 0.019444 0.027478
0.498611 0.428852 0.029167 0.027478
0.527778 0.428852 0.043750 0.027478
0.571528 0.428852 0.019444 0.027478
0.590972 0.428852 0.029167 0.027478
0.620139 0.428852 0.024306 0.027478
0.644444 0.428852 0.019444 0.027478
0.663889 0.428852 0.029167 0.027478
0.693056 0.428852 0.019444 0.027478
0.712500 0.428852 0.024306 0.027478
0.736806 0.428852 0.019444 0.027478
0.756250 0.428852 0.043750 0.027478
0.800000 0.428852 0.024306 0.027478
0.848611 0.428852 0.029167 0.027478
0.877778 0.428779 0.031687 0.027616
0.448560 0.550872 0.030433 0.017442
0.506337 0.551030 0.030382 0.017174
0.536719 0.551030 0.036458 0.017174
0.573177 0.551030 0.024306 0.017174
0.597483 0.551030 0.024306 0.017174
0.621788 0.551030 0.021267 0.017174
0.643056 0.551030 0.024306 0.017174
0.667361 0.551030 0.024306 0.017174
0.691667 0.551030 0.021267 0.017174
0.712934 0.551030 0.027344 0.017174
0.740278 0.551030 0.021267 0.017174
0.761545 0.551030 0.024306 0.017174
0.785851 0.551030 0.021267 0.017174
0.807118 0.551030 0.027344 0.017174
0.834462 0.551030 0.021267 0.017174
0.855729 0.551030 0.024306 0.017174
0.880035 0.550872 0.010912 0.017442
0.446502 0.610402 0.025807 0.016192
0.472309 0.610402 0.022917 0.016192
0.495226 0.610402 0.028646 0.016192
0.523872 0.610402 0.022917 0.016192
0.546788 0.610402 0.022917 0.016192
0.569705 0.610402 0.022917 0.016192
0.592622 0.610402 0.025781 0.016192
0.618403 0.610402 0.034375 0.016192
0.652778 0.610402 0.022917 0.016192
0.675694 0.610402 0.028646 0.016192
0.704340 0.610402 0.022917 0.016192
0.727257 0.610402 0.022917 0.016192
0.750174 0.610402 0.022917 0.016192
0.773090 0.610402 0.010860 0.016192
0.810700 0.611874 0.025238 0.010304
0.881510 0.611874 0.021875 0.010304
0.229629 0.664695 0.023886 0.021870
0.252009 0.665493 0.012690 0.021471
0.263192 0.665892 0.027601 0.022003
0.289288 0.666823 0.016417 0.021604
0.304199 0.667355 0.016417 0.021604
0.319111 0.667887 0.027601 0.022003
0.345206 0.668818 0.025260 0.021920
0.369914 0.669699 0.025260 0.021920
0.393668 0.670547 0.038785 0.022402
0.430947 0.671877 0.023873 0.021870
0.453315 0.672675 0.012737 0.021650
0.598765 0.664244 0.021547 0.024709
0.620313 0.664377 0.017361 0.024534
0.637674 0.664377 0.017361 0.024534
0.655035 0.664377 0.030382 0.024534
0.685417 0.664377 0.021701 0.024534
0.707118 0.664377 0.021701 0.024534
0.750521 0.664377 0.017361 0.024534
0.785243 0.664377 0.026042 0.024534
0.811285 0.664377 0.023090 0.024534
0.835938 0.664377 0.023090 0.024534
0.859028 0.664377 0.021701 0.024534
0.880729 0.664377 0.021701 0.024534
0.098765 0.725221 0.020679 0.023553
0.119444 0.725221 0.012500 0.023553
0.131944 0.725221 0.022222 0.023553
0.155556 0.725221 0.018056 0.023553
0.173611 0.725221 0.016667 0.023553
0.190278 0.725221 0.025000 0.023553
0.215278 0.725221 0.022222 0.023553
0.238889 0.725221 0.022222 0.023553
0.261111 0.725221 0.020833 0.023553
0.298611 0.725221 0.012500 0.023553
0.323611 0.725221 0.020833 0.023553
0.344444 0.725221 0.020833 0.023553
0.365278 0.725221 0.025000 0.023553
0.390278 0.725221 0.022222 0.023553
0.413889 0.725221 0.022222 0.023553
0.436111 0.725221 0.030556 0.023553
0.468056 0.725221 0.030556 0.023553
0.536111 0.725221 0.020833 0.023553
0.573611 0.725221 0.025000 0.023553
0.598611 0.725221 0.020833 0.023553
0.619444 0.725221 0.020833 0.023553
0.640278 0.725221 0.020833 0.023553
0.661111 0.725221 0.020833 0.023553
0.681944 0.725221 0.020833 0.023553
0.719444 0.725221 0.016667 0.023553
0.736111 0.725221 0.016667 0.023553
0.752778 0.725221 0.018056 0.023553
0.772222 0.725221 0.022222 0.023553
0.794444 0.725221 0.012500 0.023553
0.806944 0.725221 0.025000 0.023553
0.831944 0.725221 0.022222 0.023553
0.855556 0.725221 0.026389 0.023553
0.881944 0.725221 0.020833 0.023553
0.382716 0.789009 0.031173 0.017677
0.442014 0.789009 0.038889 0.017664
0.481250 0.789009 0.039326 0.017677
0.518519 0.787791 0.024537 0.017442
0.543056 0.788027 0.030382 0.017174
0.573438 0.788027 0.024306 0.017174
0.597743 0.788027 0.027344 0.017174
0.625087 0.788027 0.040885 0.017174
0.666233 0.788027 0.028733 0.017174
0.694965 0.788027 0.018229 0.017174
0.713194 0.787791 0.009028 0.017442
0.358025 0.851744 0.025829 0.010376
0.411198 0.851744 0.033247 0.010376
0.479750 0.837095 0.024926 0.030422
0.504676 0.837095 0.024926 0.030422
0.529602 0.837095 0.018694 0.030422
0.548296 0.837095 0.012463 0.030422
0.560759 0.837095 0.024926 0.030422
0.610611 0.837095 0.024926 0.030422
0.635537 0.837095 0.031157 0.030422
0.772630 0.837095 0.031157 0.030422
0.484549 0.960746 0.013021 0.014720
0.507986 0.960746 0.013021 0.014720