0.042188 0.008885 0.002083 0.002962
0.128559 0.149556 0.028559 0.023198
0.157118 0.149556 0.024479 0.023198
0.181597 0.149556 0.032639 0.023198
0.214236 0.149556 0.028559 0.023198
0.242795 0.149556 0.036719 0.023198
0.279514 0.149556 0.024479 0.023198
0.324392 0.149556 0.065278 0.023198
0.389670 0.149556 0.044878 0.023198
0.434549 0.149556 0.028559 0.023198
0.487587 0.149556 0.036719 0.023198
0.556944 0.149556 0.028559 0.023198
0.609983 0.149556 0.036719 0.023198
0.683420 0.149556 0.028559 0.023198
0.728299 0.149556 0.040799 0.023198
0.769097 0.149556 0.032639 0.023198
0.801736 0.149556 0.028559 0.023198
0.830295 0.149556 0.036719 0.023198
0.867014 0.149556 0.024479 0.023198
0.163599 0.180158 0.036054 0.021877
0.200694 0.180158 0.031944 0.021718
0.232639 0.180158 0.019097 0.021718
0.251736 0.180158 0.030556 0.021718
0.312847 0.180158 0.022917 0.021718
0.442708 0.180158 0.022917 0.021718
0.465625 0.180158 0.038194 0.021718
0.503819 0.180158 0.038194 0.021718
0.542014 0.180158 0.011458 0.021718
0.595486 0.180158 0.011458 0.021718
0.606944 0.180158 0.045833 0.021718
0.652778 0.180158 0.042014 0.021718
0.694792 0.180158 0.030556 0.021718
0.725347 0.180158 0.049653 0.021718
0.775000 0.180158 0.030556 0.021718
0.839931 0.180158 0.026736 0.021718
0.866667 0.180158 0.035174 0.021877
0.353051 0.242506 0.039349 0.020935
0.453653 0.239399 0.040736 0.020930
0.493894 0.238246 0.038375 0.020858
0.533742 0.236919 0.041084 0.023256
0.574826 0.236920 0.028559 0.023198
0.615625 0.236920 0.012240 0.023198
0.627865 0.236920 0.032639 0.023198
0.693142 0.236920 0.032639 0.023198
0.725781 0.236920 0.024479 0.023198
0.750260 0.236920 0.024479 0.023198
0.774740 0.236920 0.044878 0.023198
0.819618 0.236920 0.036719 0.023198
0.157464 0.305035 0.041841 0.014808
0.237219 0.299419 0.028840 0.023385
0.266059 0.299419 0.016150 0.023385
0.310838 0.305233 0.026585 0.014535
0.353783 0.306515 0.037536 0.014808
0.391146 0.306515 0.026032 0.014808
0.419223 0.302326 0.067843 0.020478
0.526215 0.302567 0.053385 0.020237
0.579601 0.302326 0.017536 0.020478
0.625767 0.306515 0.023365 0.013327
0.719647 0.305801 0.024869 0.023463
0.744124 0.305522 0.033028 0.023475
0.776761 0.305209 0.037108 0.023510
0.813477 0.304896 0.037108 0.023510
0.108384 0.366279 0.016360 0.014535
0.163599 0.366279 0.014315 0.014535
0.216769 0.366279 0.016360 0.014535
0.276074 0.366279 0.016360 0.014535
0.329243 0.366279 0.016360 0.014535
0.384458 0.366279 0.026585 0.014535
0.425358 0.361919 0.032720 0.018895
0.613878 0.363156 0.031117 0.019789
0.683027 0.364826 0.028630 0.017442
0.707417 0.362693 0.072875 0.019358
0.137014 0.435834 0.032430 0.014808
0.169271 0.435834 0.033183 0.014808
0.204499 0.435834 0.025709 0.014808
0.276074 0.436047 0.012270 0.013081
0.329243 0.435834 0.027354 0.014808
0.356424 0.435834 0.021899 0.014808
0.736196 0.436047 0.020450 0.013081
0.775051 0.436047 0.020450 0.013081
0.809816 0.436047 0.014315 0.013081
0.237219 0.491279 0.014315 0.014535
0.295660 0.485465 0.013134 0.018977
0.339468 0.491115 0.021209 0.013327
0.453988 0.491279 0.018405 0.013081
0.507157 0.491279 0.012270 0.011628
0.554192 0.486673 0.054662 0.020731
0.608854 0.486673 0.032813 0.020731
0.736458 0.486673 0.029167 0.020731
0.765625 0.486673 0.036458 0.020731
0.802083 0.486673 0.018229 0.020731
0.860941 0.488154 0.029337 0.020731
0.108384 0.549358 0.029984 0.016288
0.138455 0.549358 0.019009 0.016288
0.177914 0.550839 0.025645 0.013327
0.443763 0.544916 0.028459 0.019250
0.472830 0.544916 0.038418 0.019250
0.513292 0.549358 0.062923 0.016288
0.576215 0.549358 0.025012 0.016288
0.607362 0.546397 0.044287 0.019250
0.722743 0.546397 0.033854 0.019250
0.756597 0.546397 0.037240 0.019250
0.793837 0.546397 0.020312 0.019250
0.858896 0.550839 0.008465 0.016021
0.867361 0.550839 0.007895 0.016021
0.351738 0.613372 0.018405 0.014535
0.153374 0.629319 0.021452 0.020390
0.211470 0.628537 0.053538 0.024613
0.263329 0.630477 0.033579 0.023867
0.327130 0.632863 0.053517 0.024613
0.378968 0.634802 0.029592 0.023718
0.472393 0.630800 0.053215 0.020363
0.618142 0.630800 0.010677 0.020237
0.628819 0.630800 0.019184 0.020237
0.648785 0.630800 0.026062 0.020363
0.102163 0.718203 0.028646 0.020473
0.155547 0.717908 0.042882 0.020423
0.198255 0.717793 0.026476 0.020351
0.251534 0.722384 0.014315 0.011628
0.422222 0.715202 0.019097 0.021718
0.441319 0.715202 0.057292 0.021718
0.498611 0.715202 0.034375 0.021718
0.532986 0.715202 0.022917 0.021718
0.555903 0.715202 0.019097 0.021718
0.575000 0.715202 0.026736 0.021718
0.615542 0.722384 0.024540 0.011628
0.648262 0.715116 0.015974 0.023285
0.664236 0.715202 0.036719 0.023198
0.753993 0.715202 0.016319 0.023198
0.770312 0.715202 0.036719 0.023198
0.807031 0.715202 0.032639 0.023198
0.839670 0.715202 0.020399 0.023198
0.106339 0.744186 0.026994 0.013081
0.108384 0.776163 0.033369 0.017519
0.226994 0.779070 0.022495 0.014535
0.343558 0.779070 0.020450 0.014535
0.441718 0.778875 0.060105 0.016288
0.862986 0.773256 0.007848 0.021907
0.396267 0.843040 0.014236 0.020237
0.410503 0.843040 0.021354 0.020237
0.431858 0.843040 0.014236 0.020237
0.446094 0.843040 0.017795 0.020237
0.463889 0.843040 0.035590 0.020237
0.524392 0.843040 0.035590 0.020237
0.559983 0.843040 0.032031 0.020237
0.592014 0.843023 0.013303 0.020349
0.654397 0.848837 0.035707 0.011628
0.721881 0.848837 0.012270 0.011628
0.754601 0.844477 0.064149 0.015988
0.108384 0.876453 0.036407 0.017442
0.237219 0.879360 0.022495 0.015988
0.286299 0.880814 0.018405 0.014535
0.392638 0.880814 0.018405 0.014535
0.521472 0.880814 0.038423 0.013081
0.654397 0.880814 0.033624 0.013081
0.779141 0.880814 0.018405 0.014535