0.362265 0.192358 0.020596 0.020508
0.443511 0.191717 0.020596 0.020472
0.501059 0.191290 0.017211 0.020445
0.533882 0.181397 0.046305 0.031190
0.593198 0.183442 0.021589 0.030338
0.677224 0.186340 0.031474 0.030679
0.706880 0.187362 0.026531 0.030508
0.822551 0.191325 0.037677 0.021232
0.324740 0.319767 0.020222 0.016170
0.360465 0.312500 0.041358 0.027616
0.401823 0.312500 0.032205 0.027604
0.434028 0.312500 0.032205 0.027604
0.466233 0.312500 0.032205 0.027604
0.498437 0.312500 0.038194 0.027604
0.538455 0.312500 0.024392 0.027604
0.627257 0.312500 0.032205 0.027604
0.659462 0.312500 0.027604 0.027604
0.687066 0.312500 0.027604 0.027604
0.802090 0.311922 0.041884 0.028008
0.843493 0.312328 0.018882 0.027782
0.769380 0.369186 0.036822 0.015988
0.804264 0.369186 0.013566 0.014535
0.693798 0.443229 0.026861 0.016146
0.100775 0.476562 0.032124 0.027798
0.132899 0.476562 0.023003 0.027604
0.155903 0.476562 0.027604 0.027604
0.183507 0.476562 0.032205 0.027604
0.215712 0.476562 0.032205 0.027604
0.247917 0.476562 0.027604 0.027604
0.275521 0.476562 0.027604 0.027604
0.303125 0.476562 0.018403 0.027604
0.353733 0.476562 0.032205 0.027604
0.385937 0.476562 0.027604 0.027604
0.413542 0.476562 0.023003 0.027604
0.436545 0.476562 0.036806 0.027604
0.473351 0.476562 0.027604 0.027604
0.500955 0.476562 0.023003 0.027604
0.546962 0.476562 0.028993 0.027604
0.577778 0.476562 0.042795 0.027604
0.620573 0.476562 0.032205 0.027604
0.652778 0.476562 0.018403 0.027604
0.707986 0.476562 0.036806 0.027604
0.744792 0.476562 0.027604 0.027604
0.772396 0.476562 0.027604 0.027604
0.800000 0.476562 0.015891 0.027798
0.831395 0.476562 0.035271 0.026563
0.525194 0.595833 0.012827 0.013178
0.693924 0.608854 0.009565 0.013239
0.116279 0.632267 0.019224 0.013081
0.362403 0.630729 0.023795 0.020434
0.468992 0.626453 0.026494 0.023256
0.526042 0.626563 0.015278 0.022917
0.794574 0.630729 0.024871 0.017708
0.846181 0.630729 0.035243 0.017708
0.881597 0.630729 0.030903 0.017708
0.100775 0.702035 0.019450 0.013081
0.102713 0.726562 0.017078 0.014717
0.162791 0.726744 0.032946 0.014535
0.383721 0.728125 0.020793 0.010417
0.426357 0.723837 0.028591 0.024709
0.475347 0.723958 0.028559 0.024479
0.503906 0.723958 0.028559 0.024479
0.532465 0.723958 0.025868 0.024479
0.573264 0.723958 0.028559 0.024479
0.601823 0.723958 0.024479 0.024479
0.650781 0.723958 0.029948 0.024479
0.682031 0.723958 0.042188 0.024479
0.724219 0.723958 0.032639 0.024479
0.756858 0.723958 0.016319 0.024479
0.809896 0.723958 0.032639 0.024479
0.842535 0.723958 0.024479 0.024479
0.867014 0.723958 0.024479 0.024479
0.911892 0.723837 0.006712 0.024709
0.081395 0.761458 0.010705 0.013251
0.092101 0.761458 0.008674 0.013251
0.100775 0.771802 0.015504 0.013081
0.538760 0.760174 0.013150 0.013263
0.688194 0.770312 0.011418 0.014583
0.100775 0.793605 0.018669 0.018895
0.178819 0.793605 0.022731 0.018895
0.319767 0.795058 0.015504 0.015988
0.453038 0.793750 0.016927 0.020313
0.476382 0.792142 0.034827 0.023489
0.537486 0.791416 0.038646 0.023341
0.575676 0.791145 0.024758 0.023186
0.601021 0.790725 0.036924 0.023322
0.670543 0.792151 0.033103 0.021911
0.777073 0.792298 0.016437 0.024753
0.809712 0.792232 0.008277 0.024501
0.817871 0.792195 0.013746 0.024516
0.832802 0.792111 0.030065 0.024560
0.862749 0.792045 0.024597 0.024545
0.323643 0.856105 0.012989 0.013166
0.102713 0.890988 0.017078 0.014741
0.160853 0.888021 0.037498 0.020409
0.235590 0.888021 0.016927 0.020312
0.266319 0.881451 0.031332 0.026400
0.320377 0.884153 0.023004 0.025984
0.357794 0.886024 0.022016 0.026072
0.391473 0.889535 0.015504 0.018895
0.412791 0.885174 0.050751 0.023256
0.464583 0.885174 0.023789 0.023256
0.794280 0.885217 0.021451 0.021409
0.844106 0.885071 0.028569 0.021427
0.872578 0.885035 0.014333 0.021390