0.050347 0.148109 0.023698 0.020483
0.074045 0.148109 0.035243 0.020483
0.109896 0.148109 0.031858 0.020483
0.141753 0.148109 0.047396 0.020483
0.189149 0.148109 0.023698 0.020483
0.228407 0.146802 0.056142 0.020349
0.334028 0.147059 0.026389 0.019958
0.360417 0.147059 0.049479 0.019958
0.409896 0.147059 0.023090 0.019958
0.432986 0.147059 0.049479 0.019958
0.482465 0.146802 0.018494 0.020349
0.547025 0.143895 0.026933 0.023256
0.602687 0.145349 0.045924 0.023256
0.648611 0.145483 0.026736 0.023109
0.675347 0.145483 0.022917 0.023109
0.698264 0.145483 0.049653 0.023109
0.747917 0.145483 0.022917 0.023109
0.770833 0.145483 0.026736 0.023109
0.797569 0.145483 0.026736 0.023109
0.824306 0.145483 0.039583 0.023109
0.864931 0.145483 0.031944 0.023109
0.896875 0.145483 0.022917 0.023109
0.919792 0.145483 0.026736 0.023109
0.946528 0.145349 0.013165 0.023256
0.040307 0.203256 0.024971 0.038023
0.090278 0.203256 0.018750 0.037815
0.109028 0.203256 0.025000 0.037815
0.176389 0.203256 0.045139 0.037815
0.221528 0.203256 0.068750 0.037815
0.290278 0.203256 0.018750 0.037815
0.359028 0.203256 0.043750 0.037815
0.402778 0.203256 0.018750 0.037815
0.421528 0.203256 0.032639 0.037815
0.457639 0.203256 0.032639 0.037815
0.577735 0.216387 0.023741 0.020532
0.601476 0.216387 0.018486 0.020532
0.639155 0.216570 0.024952 0.015988
0.687140 0.212185 0.025707 0.026261
0.712847 0.212185 0.021701 0.026261
0.734549 0.212185 0.036111 0.026261
0.772222 0.212185 0.027431 0.026261
0.799653 0.212185 0.021701 0.026261
0.821354 0.212185 0.026042 0.026261
0.847396 0.212185 0.043403 0.026261
0.890799 0.212185 0.017361 0.026261
0.138196 0.284664 0.050780 0.020569
0.354809 0.282659 0.023486 0.023429
0.377724 0.282983 0.050215 0.023807
0.427368 0.283685 0.019665 0.023375
0.537428 0.278887 0.032711 0.024893
0.570139 0.278887 0.028559 0.024685
0.635317 0.286337 0.021113 0.015988
0.825242 0.280196 0.028749 0.024811
0.853800 0.280323 0.038298 0.024853
0.893209 0.280497 0.030138 0.024817
0.034549 0.338663 0.043489 0.036337
0.081250 0.338761 0.031337 0.036239
0.112587 0.338761 0.023958 0.036239
0.136545 0.338761 0.037326 0.036239
0.177083 0.338761 0.031337 0.036239
0.208420 0.338761 0.023958 0.036239
0.232378 0.338761 0.023958 0.036239
0.256337 0.338761 0.037326 0.036239
0.296875 0.338761 0.025347 0.036239
0.358160 0.338761 0.011979 0.036239
0.394097 0.338761 0.023958 0.036239
0.418056 0.338761 0.017969 0.036239
0.436024 0.338761 0.043316 0.036239
0.482552 0.338761 0.025347 0.036239
0.548944 0.337185 0.028226 0.024734
0.577170 0.337185 0.024479 0.024685
0.601649 0.337185 0.020399 0.024685
0.622049 0.337185 0.025868 0.024685
0.649219 0.337185 0.042188 0.024685
0.710417 0.337185 0.050347 0.024685
0.760764 0.337185 0.024479 0.024685
0.785243 0.337185 0.020399 0.024685
0.805642 0.337185 0.029290 0.024734
0.898273 0.337185 0.023255 0.023280
0.948264 0.337185 0.032542 0.023280
0.044146 0.403887 0.024604 0.036765
0.068750 0.403887 0.024306 0.036765
0.093056 0.403887 0.024306 0.036765
0.117361 0.403887 0.024306 0.036765
0.165972 0.403887 0.024306 0.036765
0.190278 0.403887 0.024306 0.036765
0.214583 0.403887 0.024306 0.036765
0.238889 0.403887 0.024306 0.036765
0.281424 0.403887 0.024306 0.036765
0.305729 0.403887 0.024306 0.036765
0.330035 0.403887 0.024306 0.036765
0.354340 0.403887 0.025694 0.036765
0.401562 0.403887 0.025694 0.036765
0.427257 0.403887 0.024306 0.036765
0.451562 0.403887 0.024306 0.036765
0.475868 0.403887 0.024306 0.036765
0.518403 0.403887 0.024306 0.036765
0.591319 0.403887 0.024306 0.036765
0.615625 0.403887 0.024306 0.036765
0.639931 0.403887 0.024306 0.036765
0.664236 0.403887 0.024306 0.036765
0.712847 0.403887 0.018229 0.036765
0.070833 0.474790 0.045833 0.046218
0.116667 0.474790 0.045833 0.046218
0.208333 0.474790 0.022917 0.046218
0.254167 0.474790 0.022917 0.046218
0.277083 0.474790 0.022917 0.046218
0.321528 0.474790 0.047222 0.046218
0.368750 0.474790 0.045833 0.046218
0.414583 0.474790 0.031944 0.046218
0.529167 0.474790 0.022917 0.046218
0.811251 0.481182 0.023227 0.034781
0.834167 0.481064 0.023227 0.034781
0.857084 0.480947 0.023227 0.034781
0.902916 0.480712 0.023227 0.034781
0.925832 0.480594 0.023227 0.034781
0.948748 0.480447 0.028956 0.034810
0.708253 0.543592 0.026122 0.026261
0.734375 0.543592 0.026042 0.026261
0.760417 0.543592 0.036111 0.026261
0.798090 0.543592 0.031771 0.026261
0.829861 0.543592 0.021701 0.026261
0.851562 0.543592 0.026042 0.026261
0.877604 0.543592 0.047743 0.026261
0.925347 0.543592 0.024749 0.026261
0.036468 0.602941 0.025337 0.038047
0.074306 0.602941 0.025000 0.037815
0.099306 0.602941 0.025000 0.037815
0.124306 0.602941 0.025000 0.037815
0.149306 0.602941 0.018750 0.037815
0.422639 0.611823 0.022637 0.032574
0.443806 0.612379 0.027929 0.032713
0.470266 0.613073 0.027929 0.032713
0.496726 0.613767 0.027929 0.032713
0.544354 0.615017 0.022637 0.032574
0.618441 0.616961 0.022637 0.032574
0.639609 0.617517 0.027929 0.032713
0.666069 0.618211 0.033221 0.032852
0.697820 0.619044 0.022637 0.032574
0.718988 0.619600 0.027929 0.032713
0.745448 0.620294 0.022895 0.032695
0.046065 0.687500 0.025810 0.026261
0.071875 0.687500 0.021701 0.026261
0.093576 0.687500 0.021701 0.026261
0.115278 0.687500 0.047743 0.026261
0.163021 0.687500 0.026042 0.026261
0.189062 0.687500 0.021701 0.026261
0.210764 0.687500 0.021701 0.026261
0.232465 0.687500 0.047743 0.026261
0.280208 0.687500 0.021701 0.026261
0.301910 0.687500 0.021701 0.026261
0.323611 0.687500 0.023798 0.026261
0.621641 0.683836 0.041399 0.027229
0.664525 0.683986 0.032542 0.026899
0.696903 0.684100 0.017872 0.026847
0.714611 0.684162 0.048861 0.026956
0.763309 0.684332 0.022299 0.026863
0.921305 0.684349 0.027566 0.023634
0.948872 0.684349 0.033854 0.023634
0.393474 0.750000 0.042463 0.024709
0.437240 0.750000 0.027252 0.024709
0.554702 0.755814 0.015355 0.014535
0.602687 0.757267 0.015355 0.014535
0.671785 0.754360 0.024952 0.017442
0.856046 0.752907 0.019194 0.023256
0.925144 0.755814 0.017274 0.014535
0.046065 0.821221 0.027893 0.019115
0.073958 0.821221 0.022011 0.019115
0.252431 0.815651 0.028559 0.024685
0.280990 0.815651 0.024479 0.024685
0.305469 0.815651 0.028559 0.024685
0.334028 0.815651 0.048958 0.024685
0.382986 0.815651 0.024479 0.024685
0.407465 0.815651 0.028559 0.024685
0.436024 0.815651 0.024479 0.024685
0.460503 0.815651 0.042188 0.024685
0.503993 0.815651 0.034028 0.024685
0.538021 0.815651 0.028559 0.024685
0.566580 0.815651 0.024479 0.024685
0.591059 0.815651 0.042188 0.024685
0.634549 0.815651 0.029948 0.024685
0.664497 0.815651 0.028559 0.024685
0.693056 0.815651 0.028559 0.024685
0.721615 0.815651 0.020399 0.024685
0.840691 0.819767 0.028753 0.021802
0.869444 0.819767 0.017312 0.021802
0.915547 0.821221 0.027943 0.013338
0.708253 0.848837 0.019194 0.017442
0.161228 0.879202 0.026619 0.014706
0.283681 0.879202 0.025341 0.013240
0.330134 0.876453 0.046065 0.015988
0.635317 0.870640 0.028746 0.029070
0.735677 0.870798 0.023872 0.028887
0.804223 0.876453 0.019194 0.014535
0.896353 0.876453 0.017274 0.014535
0.942418 0.875000 0.026871 0.018895