0.173264 0.066792 0.009722 0.013170
0.182986 0.066792 0.009722 0.013170
0.192708 0.066792 0.011154 0.013170
0.110069 0.134995 0.019184 0.019285
0.129253 0.134995 0.012377 0.019285
0.092361 0.171684 0.017708 0.015992
0.110069 0.171684 0.020660 0.015992
0.130729 0.171684 0.020660 0.015992
0.151389 0.171512 0.011701 0.016165
0.274678 0.172965 0.036780 0.013300
0.551502 0.170058 0.033480 0.020440
0.644705 0.170273 0.026128 0.020226
0.749219 0.170273 0.026128 0.020226
0.775347 0.170273 0.026128 0.020226
0.801476 0.170058 0.013975 0.020440
0.836910 0.172965 0.029062 0.011628
0.070815 0.206395 0.016164 0.014677
0.086979 0.206491 0.018837 0.014581
0.105816 0.206491 0.013455 0.014581
0.119271 0.206491 0.022917 0.014581
0.142101 0.206491 0.022917 0.014581
0.165017 0.206491 0.016146 0.014581
0.181163 0.206491 0.016146 0.014581
0.197309 0.206395 0.010845 0.014677
0.390117 0.204753 0.017030 0.029567
0.406259 0.204527 0.017030 0.029382
0.422401 0.204302 0.017030 0.029382
0.438544 0.203982 0.023799 0.029477
0.464059 0.203625 0.023799 0.029477
0.486971 0.203400 0.017030 0.029382
0.503113 0.203250 0.011649 0.029307
0.513875 0.202930 0.023799 0.029477
0.539390 0.202404 0.035950 0.029646
0.620102 0.201521 0.018419 0.029401
0.637633 0.201296 0.017030 0.029382
0.653776 0.201070 0.017030 0.029382
0.669918 0.200750 0.023799 0.029477
0.695434 0.200469 0.018419 0.029401
0.712965 0.200244 0.017030 0.029382
0.729107 0.200018 0.017030 0.029382
0.745249 0.199820 0.015100 0.029355
0.772236 0.205466 0.020737 0.027817
0.792373 0.205313 0.015703 0.027431
0.807475 0.205161 0.015703 0.027431
0.822578 0.204944 0.022126 0.027496
0.846360 0.204703 0.022126 0.027496
0.867885 0.204551 0.015703 0.027431
0.882988 0.204398 0.015703 0.027431
0.898090 0.204217 0.018515 0.027613
0.407077 0.266889 0.047222 0.028603
0.483884 0.268326 0.031849 0.028316
0.514602 0.268901 0.026729 0.028220
0.540200 0.269380 0.026729 0.028220
0.642591 0.271295 0.026729 0.028220
0.668189 0.271774 0.016490 0.028028
0.683548 0.272062 0.021610 0.028124
0.704026 0.272445 0.021610 0.028124
0.724504 0.272828 0.036968 0.028412
0.760341 0.273499 0.016490 0.028028
0.775700 0.273786 0.021610 0.028124
0.796178 0.274169 0.016490 0.028028
0.811537 0.274456 0.023576 0.028505
0.845494 0.270349 0.027857 0.020349
0.066524 0.306679 0.013945 0.024929
0.108073 0.306679 0.027604 0.024929
0.135677 0.306679 0.024392 0.024929
0.161892 0.306679 0.024392 0.024929
0.186285 0.306679 0.018403 0.024929
0.204687 0.306679 0.024392 0.024929
0.230903 0.306679 0.038194 0.024929
0.309115 0.306679 0.044184 0.024929
0.355122 0.306679 0.028993 0.024929
0.384115 0.306679 0.013802 0.024929
0.397917 0.306679 0.024392 0.024929
0.424132 0.306679 0.038194 0.024929
0.491416 0.306679 0.051292 0.023263
0.542708 0.306679 0.026910 0.023048
0.571094 0.306679 0.026910 0.023048
0.598003 0.306679 0.017014 0.023048
0.615017 0.306679 0.018403 0.023048
0.634896 0.306679 0.039670 0.023048
0.702951 0.306679 0.056684 0.023048
0.759635 0.306679 0.026910 0.023048
0.788021 0.306679 0.022656 0.023048
0.810677 0.306679 0.017014 0.023048
0.827691 0.306679 0.022656 0.023048
0.851823 0.306679 0.039670 0.023048
0.075107 0.364826 0.026021 0.020405
0.101128 0.365005 0.023785 0.020226
0.125868 0.365005 0.023785 0.020226
0.149653 0.365005 0.014931 0.020226
0.164583 0.365005 0.020052 0.020226
0.185590 0.365005 0.031250 0.020226
0.269097 0.364826 0.012019 0.020405
0.373133 0.362453 0.030308 0.023361
0.448302 0.363249 0.027439 0.023330
0.475208 0.363534 0.027439 0.023330
0.503590 0.363835 0.018933 0.023240
0.521991 0.364030 0.017544 0.023225
0.539003 0.364210 0.008466 0.023337
0.564157 0.364255 0.028401 0.021901
0.640021 0.364977 0.016420 0.021787
0.671963 0.365281 0.012807 0.021918
0.764931 0.360301 0.028559 0.022107
0.817597 0.369186 0.043515 0.013222
0.089410 0.431797 0.014757 0.015992
0.104167 0.431797 0.014757 0.015992
0.118924 0.431797 0.014757 0.015992
0.133681 0.431686 0.012242 0.016103
0.471953 0.432588 0.016369 0.017534
0.488011 0.432719 0.016368 0.017534
0.504069 0.432850 0.016368 0.017534
0.520127 0.432981 0.020968 0.017571
0.541219 0.433154 0.024180 0.017597
0.565089 0.433349 0.016368 0.017534
0.581147 0.433480 0.013156 0.017507
0.593993 0.433585 0.013454 0.017548
0.851931 0.430233 0.018902 0.013081
0.888412 0.431686 0.036481 0.017442
0.075107 0.494186 0.032184 0.014751
0.107292 0.494186 0.012880 0.014751
0.375536 0.494186 0.024377 0.014751
0.399913 0.494186 0.012104 0.014751
0.506438 0.494186 0.030715 0.016162
0.537326 0.494186 0.022759 0.016162
0.699571 0.495640 0.021610 0.013297
0.755365 0.492733 0.022673 0.017616
0.778038 0.492733 0.015953 0.017616
0.813305 0.494186 0.021418 0.014751
0.871245 0.494186 0.021811 0.014751
0.893056 0.494186 0.014670 0.014751
0.075107 0.558140 0.028191 0.014767
0.103212 0.558140 0.019106 0.014767
0.233906 0.553622 0.021476 0.019285
0.476395 0.553622 0.028119 0.020696
0.505556 0.553622 0.033333 0.020696
0.539931 0.553622 0.056250 0.020696
0.597222 0.553622 0.039583 0.020696
0.636806 0.553622 0.015278 0.020696
0.652083 0.553622 0.028125 0.020696
0.681250 0.553622 0.028125 0.020696
0.709375 0.553622 0.015278 0.020696
0.724653 0.553622 0.017836 0.020696
0.766094 0.558140 0.030781 0.016178
0.797049 0.558140 0.020548 0.016178
0.075107 0.629351 0.021768 0.013170
0.452189 0.626906 0.035590 0.019731
0.555401 0.626906 0.011399 0.019731
0.566524 0.630814 0.045064 0.011628
0.753219 0.630762 0.023517 0.013170
0.776389 0.630762 0.015457 0.013170
0.809013 0.630762 0.023279 0.013170
0.831944 0.630762 0.015695 0.013170
0.866953 0.630762 0.030096 0.011759
0.182403 0.690407 0.020461 0.014673
0.202778 0.690407 0.016106 0.014673
0.246781 0.690407 0.019972 0.014673
0.266667 0.690407 0.016595 0.014673
0.296137 0.690407 0.023915 0.014673
0.320052 0.690407 0.012566 0.014673
0.345494 0.688953 0.027076 0.013304
0.421181 0.688953 0.027317 0.013304
0.527897 0.690407 0.020714 0.013262
0.548264 0.690407 0.018260 0.013262
0.693133 0.687500 0.025617 0.017580
0.766927 0.687676 0.023872 0.017404
0.791233 0.687676 0.039931 0.017404
0.831163 0.687676 0.019271 0.017404
0.850434 0.687676 0.028906 0.017404
0.879340 0.687676 0.019271 0.017404
0.898611 0.687500 0.013406 0.017580
0.699571 0.714958 0.011888 0.013240
0.068670 0.736919 0.022997 0.014728
0.091580 0.736919 0.017862 0.014728
0.474249 0.732361 0.028616 0.022107
0.708155 0.735465 0.021012 0.014535
0.763948 0.734012 0.019211 0.017635
0.783160 0.734012 0.017269 0.017635
0.817597 0.735465 0.023202 0.014535
0.873391 0.734012 0.020273 0.015988
0.893663 0.734012 0.016208 0.015988
0.074735 0.808283 0.019414 0.020663
0.112050 0.807682 0.017078 0.020499
0.311159 0.808090 0.021480 0.014584
0.364807 0.808090 0.020436 0.016038
0.385243 0.808090 0.016044 0.016038
0.416309 0.808140 0.017167 0.014535
0.500000 0.800872 0.015972 0.021802
0.515972 0.801035 0.019965 0.021637
0.566524 0.809593 0.017167 0.017442
0.603004 0.806686 0.012876 0.013081
0.643777 0.808140 0.017167 0.014535
0.697425 0.809593 0.021459 0.013081
0.824034 0.809501 0.026313 0.011759
0.086366 0.885180 0.017597 0.015729
0.103551 0.885005 0.014732 0.015694
0.117872 0.884831 0.014732 0.015694
0.132192 0.884719 0.009645 0.015986
0.562232 0.886628 0.027004 0.013184
0.589236 0.886642 0.024306 0.013170
0.613542 0.886642 0.021875 0.013170
0.635417 0.886642 0.026736 0.013170
0.662153 0.886642 0.021875 0.013170
0.684028 0.886642 0.024306 0.013170
0.708333 0.886642 0.021875 0.013170
0.730208 0.886628 0.007989 0.013184
0.485069 0.975071 0.013021 0.011759
0.508941 0.975071 0.013021 0.011759