0.132205 0.068204 0.007031 0.013248
0.153299 0.068204 0.007031 0.013248
0.165017 0.068204 0.009375 0.013248
0.174392 0.068204 0.007031 0.013248
0.181424 0.068204 0.009375 0.013248
0.190799 0.068204 0.004688 0.013248
0.314334 0.208595 0.057963 0.022484
0.371618 0.209494 0.027408 0.022004
0.398348 0.209914 0.027408 0.022004
0.425078 0.210333 0.027408 0.022004
0.451807 0.210753 0.031227 0.022064
0.482355 0.211232 0.027408 0.022004
0.509085 0.211652 0.027408 0.022004
0.535814 0.212072 0.017954 0.022063
0.598765 0.212209 0.037037 0.013081
0.872428 0.212209 0.037037 0.014535
0.098276 0.271804 0.023742 0.026466
0.121275 0.271542 0.019142 0.026263
0.139674 0.271213 0.023742 0.026329
0.162673 0.270885 0.023742 0.026329
0.185671 0.270557 0.023742 0.026329
0.208670 0.270294 0.019142 0.026263
0.227069 0.269901 0.028342 0.026394
0.254668 0.269618 0.020531 0.026283
0.276278 0.269178 0.029730 0.026414
0.305265 0.268765 0.029730 0.026414
0.336075 0.268325 0.029730 0.026414
0.365062 0.268063 0.019142 0.026263
0.383461 0.267800 0.019142 0.026263
0.401860 0.267519 0.020451 0.026282
0.441927 0.270363 0.024479 0.023062
0.466406 0.270363 0.024479 0.023062
0.535764 0.270363 0.016319 0.023062
0.552083 0.270363 0.016319 0.023062
0.568403 0.270363 0.016319 0.023062
0.584722 0.270363 0.017708 0.023062
0.603733 0.270363 0.021788 0.023062
0.625521 0.270363 0.024479 0.023062
0.650000 0.270363 0.024479 0.023062
0.674479 0.270363 0.024479 0.023062
0.698958 0.270363 0.016319 0.023062
0.715278 0.270363 0.040799 0.023062
0.756076 0.270363 0.012240 0.023062
0.776476 0.270363 0.028559 0.023062
0.805035 0.270363 0.016319 0.023062
0.821354 0.270363 0.024479 0.023062
0.845833 0.270363 0.020399 0.023062
0.098765 0.331207 0.020679 0.023553
0.119444 0.331207 0.025000 0.023553
0.144444 0.331207 0.020833 0.023553
0.165278 0.331207 0.025000 0.023553
0.190278 0.331207 0.020833 0.023553
0.211111 0.331207 0.020833 0.023553
0.231944 0.331207 0.025000 0.023553
0.256944 0.331207 0.020833 0.023553
0.277778 0.331207 0.016667 0.023553
0.294444 0.331207 0.037500 0.023553
0.331944 0.331207 0.020833 0.023553
0.352778 0.331207 0.025000 0.023553
0.377778 0.331207 0.020833 0.023553
0.398611 0.331207 0.020833 0.023553
0.419444 0.331207 0.020833 0.023553
0.440278 0.331207 0.033333 0.023553
0.473611 0.331207 0.033333 0.023553
0.506944 0.331207 0.020833 0.023553
0.527778 0.331207 0.025000 0.023553
0.552778 0.331207 0.020833 0.023553
0.573611 0.331207 0.025000 0.023553
0.598611 0.331207 0.020833 0.023553
0.619444 0.331207 0.020833 0.023553
0.640278 0.331207 0.025000 0.023553
0.665278 0.331207 0.020833 0.023553
0.686111 0.331207 0.016667 0.023553
0.702778 0.331207 0.026389 0.023553
0.730556 0.331207 0.030556 0.023553
0.761111 0.331207 0.025000 0.023553
0.786111 0.331207 0.020833 0.023553
0.806944 0.331207 0.020833 0.023553
0.827778 0.331207 0.025000 0.023553
0.852778 0.331207 0.029167 0.023553
0.881944 0.331207 0.019290 0.023553
0.090183 0.392820 0.030026 0.024668
0.119956 0.392708 0.021519 0.024154
0.141223 0.392597 0.021519 0.024154
0.162490 0.392485 0.021519 0.024154
0.183757 0.392351 0.025773 0.024176
0.209277 0.392262 0.017266 0.024132
0.226290 0.392151 0.021519 0.024154
0.247557 0.392017 0.025773 0.024176
0.273077 0.391928 0.017266 0.024132
0.290091 0.391816 0.021519 0.024154
0.311357 0.391745 0.013836 0.024512
0.345679 0.393895 0.019165 0.014535
0.364583 0.393895 0.022248 0.014535
0.386831 0.392442 0.065252 0.023256
0.452083 0.392542 0.032639 0.023062
0.484722 0.392542 0.032639 0.023062
0.517361 0.392542 0.020399 0.023062
0.537760 0.392542 0.024479 0.023062
0.562240 0.392542 0.020399 0.023062
0.582639 0.392542 0.024479 0.023062
0.607118 0.392542 0.020399 0.023062
0.627517 0.392542 0.020399 0.023062
0.647917 0.392542 0.024479 0.023062
0.672396 0.392542 0.016319 0.023062
0.688715 0.392542 0.020399 0.023062
0.709115 0.392542 0.025868 0.023062
0.736285 0.392542 0.029948 0.023062
0.766233 0.392542 0.024479 0.023062
0.790712 0.392542 0.016319 0.023062
0.807031 0.392542 0.044878 0.023062
0.851910 0.392542 0.032639 0.023062
0.884549 0.392442 0.022859 0.023256
0.106996 0.485280 0.012449 0.011813
0.125694 0.485280 0.006250 0.011776
0.098765 0.502907 0.023283 0.014757
0.122049 0.502944 0.023437 0.014720
0.145486 0.502944 0.023437 0.014720
0.168924 0.502944 0.020833 0.014720
0.189757 0.502944 0.020833 0.014720
0.210590 0.502944 0.020833 0.014720
0.231424 0.502944 0.026042 0.014720
0.257465 0.502944 0.018229 0.014720
0.275694 0.502944 0.020833 0.014720
0.296528 0.502907 0.012114 0.014757
0.440329 0.501453 0.024775 0.014739
0.464931 0.501453 0.037127 0.014739
0.504115 0.502907 0.023142 0.018895
0.527257 0.502944 0.021181 0.018646
0.548958 0.502944 0.027778 0.018646
0.576736 0.502944 0.023090 0.018646
0.599826 0.502944 0.019792 0.018646
0.619618 0.502944 0.019792 0.018646
0.639410 0.502944 0.026389 0.018646
0.665799 0.502944 0.019792 0.018646
0.685590 0.502907 0.038690 0.018895
0.175571 0.630781 0.022711 0.014273
0.198227 0.630825 0.015159 0.014259
0.100823 0.691860 0.014403 0.015988
0.164609 0.691860 0.016461 0.015988
0.269331 0.685138 0.026945 0.025398
0.295897 0.685339 0.026940 0.025224
0.322458 0.685540 0.022513 0.025190
0.344592 0.685707 0.031366 0.025257
0.375580 0.685941 0.031366 0.025257
0.406568 0.686175 0.026940 0.025224
0.433129 0.686376 0.031366 0.025257
0.464117 0.686610 0.028328 0.025234
0.493716 0.686834 0.037182 0.025301
0.530519 0.687112 0.026940 0.025224
0.557080 0.687312 0.018086 0.025157
0.574788 0.687446 0.031366 0.025257
0.099457 0.740933 0.019816 0.017286
0.119335 0.741048 0.022854 0.017304
0.141991 0.741179 0.019816 0.017286
0.161868 0.741294 0.024243 0.017312
0.186173 0.741434 0.019816 0.017286
0.205791 0.741547 0.018427 0.017278
0.561728 0.796369 0.037317 0.019136
0.599045 0.796369 0.027083 0.019136
0.626128 0.796369 0.023698 0.019136
0.717535 0.796369 0.033854 0.019136
0.751389 0.796369 0.027083 0.019136
0.778472 0.796369 0.027083 0.019136
0.805556 0.796369 0.023698 0.019136
0.829253 0.796369 0.016927 0.019136
0.846181 0.796369 0.025087 0.019136
0.871875 0.796369 0.028472 0.019136
0.281893 0.851744 0.013854 0.026163
0.309549 0.851816 0.018403 0.026006
0.327951 0.851816 0.023003 0.026006
0.350955 0.851816 0.023003 0.026006
0.373958 0.851816 0.019792 0.026006
0.395573 0.851816 0.028993 0.026006
0.424566 0.851816 0.018403 0.026006
0.465972 0.851816 0.018403 0.026006
0.521181 0.851816 0.018403 0.026006
0.557986 0.851816 0.023003 0.026006
0.580990 0.851816 0.023003 0.026006
0.603993 0.851816 0.018403 0.026006
0.622396 0.851816 0.023003 0.026006
0.645399 0.851816 0.013802 0.026006
0.659201 0.851816 0.023003 0.026006
0.682205 0.851816 0.018403 0.026006
0.719010 0.851816 0.018403 0.026006
0.737413 0.851816 0.013802 0.026006
0.751215 0.851816 0.023003 0.026006
0.774219 0.851816 0.018403 0.026006
0.792622 0.851816 0.013802 0.026006
0.806424 0.851816 0.023003 0.026006
0.829427 0.851816 0.024392 0.026006
0.855642 0.851816 0.024392 0.026006
0.485590 0.960746 0.011458 0.016192
0.508507 0.960746 0.014323 0.016192