0.243094 0.162238 0.056860 0.037762
0.299954 0.162238 0.031366 0.037762
0.331320 0.162238 0.043913 0.037762
0.419145 0.162238 0.037639 0.037762
0.456784 0.162238 0.037639 0.037762
0.494424 0.162238 0.025093 0.037762
0.519517 0.162238 0.062732 0.037762
0.582249 0.162238 0.037639 0.037762
0.619888 0.162238 0.069006 0.037762
0.688894 0.162238 0.031366 0.037762
0.720260 0.162238 0.025093 0.037762
0.745353 0.162238 0.043913 0.037762
0.833178 0.162238 0.043913 0.037762
0.877091 0.162238 0.031366 0.037762
0.908457 0.162238 0.014195 0.037762
0.088803 0.177326 0.021236 0.018895
0.144981 0.178779 0.015250 0.017724
0.183398 0.177326 0.024781 0.019178
0.208178 0.177326 0.015760 0.019178
0.092664 0.258721 0.015444 0.021802
0.150579 0.263081 0.021236 0.021802
0.194981 0.257267 0.022491 0.033642
0.217472 0.257343 0.022305 0.033566
0.239777 0.257343 0.027881 0.033566
0.267658 0.257343 0.033457 0.033566
0.328996 0.257343 0.044610 0.033566
0.418216 0.257343 0.027881 0.033566
0.446097 0.257343 0.044610 0.033566
0.518587 0.257343 0.033457 0.033566
0.579926 0.257343 0.039033 0.033566
0.618959 0.257343 0.039033 0.033566
0.657993 0.257343 0.027881 0.033566
0.685874 0.257343 0.033457 0.033566
0.747212 0.257343 0.044610 0.033566
0.836431 0.257343 0.039033 0.033566
0.875465 0.257343 0.033457 0.033566
0.908922 0.257267 0.011927 0.033642
0.087579 0.343028 0.040422 0.040068
0.146101 0.341570 0.053435 0.040207
0.198127 0.341039 0.027422 0.039677
0.256656 0.339714 0.033925 0.039809
0.289172 0.338919 0.040428 0.039942
0.328191 0.338388 0.027422 0.039677
0.354204 0.337593 0.040428 0.039942
0.393223 0.336798 0.040428 0.039942
0.464758 0.335472 0.033925 0.039809
0.497274 0.334809 0.033925 0.039809
0.662162 0.348837 0.026383 0.023256
0.688546 0.348951 0.061338 0.023077
0.749884 0.348951 0.042170 0.023077
0.834224 0.348951 0.042170 0.023077
0.876394 0.348837 0.042525 0.023256
0.088398 0.420833 0.036835 0.037500
0.125232 0.420979 0.049257 0.037063
0.174489 0.420979 0.030785 0.037063
0.205274 0.420979 0.024628 0.037063
0.229902 0.420979 0.018471 0.037063
0.248374 0.420979 0.030785 0.037063
0.279159 0.420979 0.036942 0.037063
0.316101 0.420979 0.024628 0.037063
0.340730 0.420979 0.043099 0.037063
0.426928 0.420979 0.043099 0.037063
0.470028 0.420979 0.030785 0.037063
0.531599 0.420979 0.049257 0.037063
0.580855 0.420979 0.032644 0.037063
0.615939 0.420979 0.069586 0.037063
0.685525 0.420979 0.036942 0.037063
0.722467 0.420979 0.024628 0.037063
0.747096 0.420979 0.043099 0.037063
0.833295 0.420979 0.043099 0.037063
0.876394 0.420833 0.029683 0.037500
0.090734 0.540559 0.039378 0.029371
0.130112 0.540559 0.024396 0.029371
0.154507 0.540559 0.043913 0.029371
0.198420 0.540559 0.036013 0.029371
0.310641 0.540559 0.043913 0.029371
0.354554 0.540559 0.019517 0.029371
0.374071 0.540559 0.039033 0.029371
0.413104 0.540559 0.043913 0.029371
0.500929 0.540559 0.029275 0.029371
0.530204 0.540559 0.034154 0.029371
0.593634 0.540559 0.016405 0.029371
0.631274 0.546512 0.021236 0.020349
0.660232 0.540559 0.038653 0.029371
0.698885 0.540559 0.053671 0.029371
0.752556 0.540559 0.039033 0.029371
0.835502 0.540559 0.043913 0.029371
0.879414 0.540559 0.029275 0.029371
0.090734 0.649650 0.034731 0.026222
0.155553 0.649650 0.014331 0.026222
0.183398 0.655245 0.023271 0.020627
0.206668 0.655245 0.019201 0.020627
0.233591 0.648252 0.034532 0.034965
0.291357 0.648252 0.029043 0.034965
0.320400 0.648252 0.040660 0.034965
0.407528 0.648252 0.040660 0.034965
0.448188 0.648252 0.034851 0.034965
0.512082 0.648252 0.029043 0.034965
0.570167 0.648252 0.040660 0.034965
0.610827 0.648252 0.023234 0.034965
0.634061 0.648252 0.034851 0.034965
0.668913 0.648252 0.017426 0.034965
0.686338 0.648252 0.034851 0.034965
0.750232 0.648252 0.036710 0.034965
0.837361 0.648252 0.040660 0.034965
0.878020 0.648252 0.029043 0.034965
0.183398 0.715116 0.027917 0.019149
0.230135 0.715116 0.018900 0.019149
0.256757 0.711888 0.022054 0.022378
0.278810 0.711888 0.020417 0.022378
0.090734 0.797965 0.019305 0.018895
0.150579 0.797965 0.021236 0.018895
0.187259 0.789244 0.037997 0.031977
0.301812 0.789244 0.016721 0.031977
0.392265 0.779021 0.055690 0.041958
0.482807 0.779021 0.027881 0.041958
0.559480 0.779021 0.020911 0.041958
0.580390 0.779021 0.036710 0.041958
0.620353 0.779021 0.064591 0.041958
0.684944 0.779021 0.034851 0.041958
0.719796 0.779021 0.027881 0.041958
0.831320 0.779021 0.041822 0.041958
0.873141 0.779021 0.034851 0.041958
0.907993 0.779021 0.014659 0.041958
0.337838 0.797902 0.028682 0.018958
0.366520 0.797902 0.011859 0.018958
0.250965 0.899709 0.052241 0.031977
0.329345 0.900000 0.041822 0.031469
0.460037 0.900000 0.031366 0.031469
0.522770 0.899709 0.013910 0.031977
0.583411 0.908392 0.015045 0.018934
0.621622 0.906977 0.034628 0.023256
0.656250 0.906993 0.030669 0.023077
0.686919 0.906993 0.065172 0.023077
0.752091 0.906993 0.038336 0.023077
0.836431 0.906993 0.042170 0.023077
0.878601 0.906977 0.042248 0.023256