0.050584 0.200000 0.040856 0.056000
0.186770 0.200000 0.027237 0.056000
0.214008 0.200000 0.034047 0.056000
0.343385 0.200000 0.027237 0.056000
0.370623 0.200000 0.040856 0.056000
0.411479 0.200000 0.027237 0.056000
0.438716 0.200000 0.020428 0.056000
0.486381 0.200000 0.020428 0.056000
0.506809 0.200000 0.034047 0.056000
0.540856 0.200000 0.027237 0.056000
0.568093 0.200000 0.027237 0.056000
0.595331 0.200000 0.027237 0.056000
0.622568 0.200000 0.034047 0.056000
0.683852 0.200000 0.034047 0.056000
0.717899 0.200000 0.054475 0.056000
0.772373 0.200000 0.027237 0.056000
0.799611 0.200000 0.034047 0.056000
0.922179 0.200000 0.015564 0.056000
0.097763 0.288000 0.029183 0.060000
0.126946 0.288000 0.029183 0.060000
0.156128 0.288000 0.036479 0.060000
0.192607 0.288000 0.065661 0.060000
0.258268 0.288000 0.051070 0.060000
0.309339 0.288000 0.058366 0.060000
0.462549 0.288000 0.029183 0.060000
0.528210 0.288000 0.036479 0.060000
0.564689 0.288000 0.058366 0.060000
0.623054 0.288000 0.051070 0.060000
0.674124 0.288000 0.058366 0.060000
0.732490 0.288000 0.021887 0.060000
0.754377 0.288000 0.036479 0.060000
0.820039 0.288000 0.040370 0.060000
0.859922 0.288000 0.062257 0.060000
0.922179 0.288000 0.019455 0.060000
0.050584 0.568000 0.036479 0.060000
0.087062 0.568000 0.036479 0.060000
0.123541 0.568000 0.072957 0.060000
0.196498 0.568000 0.043774 0.060000
0.240272 0.568000 0.029183 0.060000
0.269455 0.568000 0.065661 0.060000
0.335117 0.568000 0.058366 0.060000
0.393482 0.568000 0.029183 0.060000
0.422665 0.568000 0.065661 0.060000
0.488327 0.568000 0.058366 0.060000
0.546693 0.568000 0.029183 0.060000
0.575875 0.568000 0.036479 0.060000
0.729086 0.568000 0.065661 0.060000
0.794747 0.568000 0.072957 0.060000
0.867704 0.568000 0.058366 0.060000
0.926070 0.568000 0.019455 0.060000
0.054475 0.656000 0.031128 0.064000
0.116732 0.656000 0.015564 0.064000
0.163424 0.656000 0.023346 0.064000
0.186770 0.656000 0.023346 0.064000
0.210117 0.656000 0.023346 0.064000
0.233463 0.656000 0.031128 0.064000
0.295720 0.656000 0.031128 0.064000
0.326848 0.656000 0.023346 0.064000
0.350195 0.656000 0.031128 0.064000
0.404669 0.656000 0.031128 0.064000
0.536965 0.656000 0.023346 0.064000
0.560311 0.656000 0.031128 0.064000
0.622568 0.656000 0.023346 0.064000
0.645914 0.656000 0.031128 0.064000
0.677043 0.656000 0.023346 0.064000
0.700389 0.656000 0.027237 0.064000
0.750973 0.656000 0.027237 0.064000
0.778210 0.656000 0.031128 0.064000
0.809339 0.656000 0.031128 0.064000
0.840467 0.656000 0.015564 0.064000
0.879377 0.656000 0.046693 0.064000
0.926070 0.656000 0.019455 0.064000
0.058366 0.748000 0.036479 0.060000
0.131323 0.748000 0.043774 0.060000
0.175097 0.748000 0.036479 0.060000
0.211576 0.748000 0.029183 0.060000
0.240759 0.748000 0.036479 0.060000
0.277237 0.748000 0.029183 0.060000
0.306420 0.748000 0.043774 0.060000
0.350195 0.748000 0.029183 0.060000
0.379377 0.748000 0.043774 0.060000
0.423152 0.748000 0.043774 0.060000
0.496109 0.748000 0.029183 0.060000
0.525292 0.748000 0.033074 0.060000
0.557879 0.748000 0.076848 0.060000
0.634728 0.748000 0.036479 0.060000
0.671206 0.748000 0.029183 0.060000
0.700389 0.748000 0.043774 0.060000
0.744163 0.748000 0.021887 0.060000
0.766051 0.748000 0.029183 0.060000
0.795233 0.748000 0.036479 0.060000
0.831712 0.748000 0.029183 0.060000
0.860895 0.748000 0.029183 0.060000
0.890078 0.748000 0.040370 0.060000