0.131687 0.106105 0.016461 0.013081
0.074074 0.158430 0.023235 0.026163
0.097309 0.158489 0.027604 0.026006
0.124913 0.158489 0.023003 0.026006
0.147917 0.158489 0.027604 0.026006
0.175521 0.158489 0.023003 0.026006
0.198524 0.158489 0.027604 0.026006
0.226128 0.158489 0.032205 0.026006
0.285938 0.158489 0.023003 0.026006
0.308941 0.158489 0.027604 0.026006
0.336545 0.158489 0.023003 0.026006
0.359549 0.158489 0.027604 0.026006
0.387153 0.158489 0.023003 0.026006
0.410156 0.158489 0.027604 0.026006
0.437760 0.158489 0.032205 0.026006
0.469965 0.158489 0.027604 0.026006
0.497569 0.158489 0.018403 0.026006
0.515972 0.158489 0.032205 0.026006
0.548177 0.158489 0.018403 0.026006
0.566580 0.158489 0.032205 0.026006
0.598785 0.158489 0.023003 0.026006
0.621788 0.158489 0.027604 0.026006
0.649392 0.158489 0.038194 0.026006
0.689410 0.158489 0.038194 0.026006
0.727604 0.158489 0.032205 0.026006
0.759809 0.158489 0.018403 0.026006
0.778212 0.158489 0.032205 0.026006
0.810417 0.158489 0.023003 0.026006
0.833420 0.158489 0.018403 0.026006
0.851823 0.158489 0.027604 0.026006
0.074074 0.228165 0.023235 0.026196
0.097309 0.228165 0.024392 0.026006
0.123524 0.228165 0.028993 0.026006
0.152517 0.228165 0.027604 0.026006
0.180122 0.228165 0.023003 0.026006
0.203125 0.228165 0.027604 0.026006
0.230729 0.228165 0.032205 0.026006
0.284549 0.228165 0.028993 0.026006
0.313542 0.228165 0.032205 0.026006
0.345747 0.228165 0.018403 0.026006
0.364149 0.228165 0.032205 0.026006
0.396354 0.228165 0.023003 0.026006
0.419358 0.228165 0.027604 0.026006
0.446962 0.228165 0.032205 0.026006
0.506771 0.228165 0.023003 0.026006
0.529774 0.228165 0.032205 0.026006
0.561979 0.228165 0.018403 0.026006
0.580382 0.228165 0.032205 0.026006
0.612587 0.228165 0.023003 0.026006
0.635590 0.228165 0.027604 0.026006
0.663194 0.228165 0.032205 0.026006
0.717014 0.228165 0.028993 0.026006
0.746007 0.228165 0.032205 0.026006
0.778212 0.228165 0.018403 0.026006
0.796615 0.228165 0.032205 0.026006
0.828819 0.228165 0.023003 0.026006
0.851823 0.228165 0.027604 0.026006
0.879427 0.228165 0.036806 0.026006
0.074074 0.300785 0.040336 0.020608
0.114410 0.300785 0.025521 0.020608
0.139931 0.300785 0.040104 0.020608
0.180035 0.300785 0.040104 0.020608
0.220139 0.300785 0.036458 0.020608
0.289410 0.300785 0.036458 0.020608
0.325868 0.300785 0.029167 0.020608
0.355035 0.300785 0.036458 0.020608
0.391493 0.300785 0.034201 0.020608
0.504514 0.300785 0.036458 0.020608
0.540972 0.300785 0.025521 0.020608
0.566493 0.300785 0.040104 0.020608
0.606597 0.300785 0.036458 0.020608
0.643056 0.300785 0.063368 0.020608
0.707292 0.300785 0.039236 0.020608
0.747396 0.300785 0.045139 0.020608
0.792535 0.300785 0.014050 0.020608
0.804527 0.303729 0.064918 0.011776
0.074074 0.373405 0.043200 0.016192
0.117274 0.373405 0.028646 0.016192
0.145920 0.373405 0.040104 0.016192
0.186024 0.373405 0.040104 0.016192
0.226128 0.373405 0.074479 0.016192
0.300608 0.373405 0.040104 0.016192
0.340712 0.373405 0.040104 0.016192
0.380816 0.373405 0.040104 0.016192
0.493827 0.374877 0.029090 0.023553
0.522917 0.374877 0.037500 0.023553
0.560417 0.374877 0.029167 0.023553
0.589583 0.374877 0.037500 0.023553
0.629630 0.371933 0.040856 0.017664
0.670486 0.371933 0.078125 0.017664
0.748611 0.371933 0.037500 0.017664
0.867361 0.371933 0.013297 0.017664
0.078189 0.440407 0.010005 0.027699
0.102778 0.440628 0.019444 0.027478
0.122222 0.440628 0.025694 0.027478
0.150000 0.440628 0.020833 0.027478
0.170833 0.440628 0.029167 0.027478
0.200000 0.440628 0.019444 0.027478
0.219444 0.440628 0.025694 0.027478
0.247222 0.440628 0.030556 0.027478
0.302083 0.440628 0.019444 0.027478
0.321528 0.440628 0.029167 0.027478
0.350694 0.440628 0.019444 0.027478
0.370139 0.440628 0.029167 0.027478
0.399306 0.440628 0.019444 0.027478
0.418750 0.440628 0.029167 0.027478
0.447917 0.440628 0.029167 0.027478
0.501389 0.440628 0.019444 0.027478
0.520833 0.440628 0.029167 0.027478
0.550000 0.440628 0.019444 0.027478
0.569444 0.440628 0.029167 0.027478
0.598611 0.440628 0.029167 0.027478
0.627778 0.440628 0.019444 0.027478
0.647222 0.440628 0.019444 0.027478
0.666667 0.440628 0.029167 0.027478
0.720139 0.440628 0.019444 0.027478
0.739583 0.440628 0.025694 0.027478
0.767361 0.440628 0.020833 0.027478
0.788194 0.440628 0.029167 0.027478
0.817361 0.440628 0.019444 0.027478
0.836806 0.440628 0.029167 0.027478
0.865972 0.440628 0.019444 0.027478
0.885417 0.440407 0.013760 0.027699
0.073844 0.513014 0.022813 0.025910
0.096417 0.513120 0.024198 0.025627
0.122110 0.513241 0.028712 0.025649
0.150582 0.513375 0.024198 0.025627
0.176276 0.513496 0.024198 0.025627
0.200234 0.513609 0.031837 0.025663
0.231830 0.513758 0.031837 0.025663
0.290509 0.514034 0.022810 0.025621
0.313078 0.514140 0.031837 0.025663
0.344675 0.514289 0.018296 0.025600
0.362730 0.514374 0.031837 0.025663
0.394327 0.514523 0.022810 0.025621
0.416896 0.514629 0.031837 0.025663
0.448492 0.514778 0.031837 0.025663
0.507171 0.515054 0.022810 0.025621
0.529740 0.515161 0.031837 0.025663
0.561337 0.515309 0.018296 0.025600
0.579392 0.515394 0.031837 0.025663
0.610988 0.515543 0.022810 0.025621
0.633557 0.515649 0.031837 0.025663
0.665154 0.515798 0.031837 0.025663
0.723833 0.516075 0.018296 0.025600
0.741888 0.516160 0.031837 0.025663
0.773485 0.516308 0.022810 0.025621
0.796054 0.516415 0.031837 0.025663
0.827650 0.516564 0.018296 0.025600
0.845705 0.516649 0.036351 0.025685
0.881816 0.516819 0.017476 0.025991
0.125514 0.597154 0.028826 0.014765
0.154340 0.597154 0.014384 0.014765
0.185185 0.587209 0.029225 0.026163
0.216233 0.587341 0.047396 0.026006
0.263628 0.587341 0.032205 0.026006
0.295833 0.587341 0.028993 0.026006
0.326649 0.587341 0.033594 0.026006
0.360243 0.587341 0.028993 0.026006
0.391059 0.587341 0.042795 0.026006
0.470660 0.587341 0.024392 0.026006
0.496875 0.587341 0.024392 0.026006
0.521267 0.587341 0.032205 0.026006
0.553472 0.587341 0.027604 0.026006
0.581076 0.587209 0.032092 0.026163
0.761317 0.590116 0.022885 0.018895
0.784201 0.590116 0.014153 0.018895
0.794239 0.597384 0.026749 0.011628
0.835391 0.597154 0.041692 0.014765
0.074074 0.656977 0.018634 0.026163
0.092708 0.656977 0.022518 0.026163
0.390799 0.657378 0.058384 0.027710
0.483993 0.663775 0.025842 0.025479
0.508012 0.665424 0.034309 0.026061
0.539029 0.667554 0.040950 0.026924
0.571648 0.666278 0.036291 0.025973
0.607053 0.665575 0.040716 0.025720
0.646885 0.664949 0.036291 0.025642
0.682290 0.664246 0.040716 0.025720
0.757527 0.662995 0.036291 0.025642
0.872595 0.660885 0.040716 0.025720
0.074074 0.735465 0.024884 0.034898
0.098958 0.735525 0.019878 0.034838
0.122222 0.735525 0.026042 0.034838
0.148264 0.735525 0.018490 0.034838
0.166753 0.735525 0.026042 0.034838
0.196181 0.735525 0.026042 0.034838
0.222222 0.735525 0.026042 0.034838
0.251649 0.735525 0.027431 0.034838
0.307118 0.735525 0.019878 0.034838
0.326997 0.735525 0.032205 0.034838
0.362587 0.735525 0.019878 0.034838
0.382465 0.735525 0.030816 0.034838
0.413281 0.735525 0.018490 0.034838
0.431771 0.735525 0.030816 0.034838
0.462587 0.735525 0.030816 0.034838
0.493403 0.735525 0.024653 0.034838
0.518056 0.735525 0.030816 0.034838
0.548872 0.735525 0.018490 0.034838
0.598177 0.735525 0.024653 0.034838
0.622830 0.735525 0.024653 0.034838
0.647483 0.735465 0.017126 0.034898
0.701646 0.744186 0.049569 0.020349
0.751215 0.744357 0.022743 0.020118
0.774740 0.744357 0.029861 0.020118
0.804601 0.744357 0.022743 0.020118
0.828125 0.744357 0.031250 0.020118
0.860156 0.744357 0.026302 0.020118
0.886458 0.744357 0.032031 0.020118
0.074074 0.815407 0.023235 0.026163
0.097309 0.815505 0.024392 0.026006
0.123524 0.815505 0.024392 0.026006
0.147917 0.815505 0.032205 0.026006
0.180122 0.815505 0.023003 0.026006
0.203125 0.815505 0.027604 0.026006
0.230729 0.815505 0.032205 0.026006
0.290538 0.815505 0.023003 0.026006
0.313542 0.815505 0.032205 0.026006
0.345747 0.815505 0.018403 0.026006
0.364149 0.815505 0.032205 0.026006
0.396354 0.815505 0.023003 0.026006
0.419358 0.815505 0.027604 0.026006
0.446962 0.815505 0.032205 0.026006
0.506771 0.815505 0.023003 0.026006
0.529774 0.815505 0.032205 0.026006
0.561979 0.815505 0.018403 0.026006
0.580382 0.815505 0.032205 0.026006
0.612587 0.815505 0.023003 0.026006
0.635590 0.815505 0.027604 0.026006
0.663194 0.815505 0.028993 0.026006
0.723003 0.815505 0.023003 0.026006
0.746007 0.815505 0.027604 0.026006
0.773611 0.815505 0.023003 0.026006
0.796615 0.815505 0.032205 0.026006
0.828819 0.815505 0.018403 0.026006
0.847222 0.815505 0.032205 0.026006
0.879427 0.815505 0.036806 0.026006