0.145000 0.094406 0.027500 0.019231
0.165000 0.176573 0.022500 0.019231
0.202500 0.176573 0.022500 0.017483
0.250000 0.173077 0.030000 0.020979
0.287500 0.176573 0.020000 0.015734
0.332500 0.171329 0.052500 0.024476
0.437500 0.174825 0.008750 0.024476
0.446250 0.174825 0.011250 0.024476
0.492500 0.174825 0.030000 0.019231
0.630000 0.167832 0.028125 0.031469
0.658125 0.167832 0.033750 0.031469
0.691875 0.167832 0.039375 0.031469
0.731250 0.167832 0.039375 0.031469
0.770625 0.167832 0.033750 0.031469
0.804375 0.167832 0.022500 0.031469
0.826875 0.167832 0.033750 0.031469
0.860625 0.167832 0.033750 0.031469
0.894375 0.167832 0.039375 0.031469
0.332500 0.281469 0.051562 0.026224
0.422500 0.286713 0.044687 0.026224
0.466875 0.286713 0.028125 0.026224
0.532500 0.286713 0.030000 0.019231
0.580000 0.284965 0.025000 0.020979
0.632500 0.283217 0.028125 0.026224
0.660625 0.283217 0.041875 0.026224
0.702500 0.286713 0.022500 0.017483
0.055000 0.377622 0.025000 0.019231
0.535000 0.382867 0.045937 0.036713
0.580937 0.382867 0.029062 0.036713
0.057500 0.487762 0.022500 0.020979
0.080000 0.487762 0.017500 0.020979
0.062500 0.508741 0.024375 0.022727
0.137500 0.510490 0.014062 0.026224
0.192500 0.508741 0.022500 0.019231
0.330000 0.500000 0.027500 0.038462
0.357500 0.500000 0.041250 0.038462
0.398750 0.500000 0.041250 0.038462
0.440000 0.500000 0.041250 0.038462
0.481250 0.500000 0.034375 0.038462
0.515625 0.500000 0.041250 0.038462
0.556875 0.500000 0.034375 0.038462
0.591250 0.500000 0.036875 0.038462
0.630000 0.500000 0.030000 0.038462
0.660000 0.500000 0.040000 0.038462
0.837500 0.506993 0.044687 0.022727
0.882187 0.506993 0.020313 0.022727
0.067500 0.596154 0.010000 0.013986
0.077500 0.596154 0.017500 0.013986
0.065000 0.620629 0.022500 0.020979
0.627500 0.613636 0.033750 0.031469
0.661250 0.613636 0.022500 0.031469
0.775000 0.622378 0.020000 0.015734
0.062500 0.732517 0.022500 0.019231
0.237410 0.718859 0.037681 0.042037
0.274910 0.718758 0.047681 0.042058
0.324910 0.718669 0.040181 0.042042
0.364910 0.718637 0.015181 0.041990
0.414910 0.718431 0.062681 0.042090
0.477409 0.718347 0.040181 0.042042
0.519909 0.718210 0.062681 0.042090
0.582409 0.718125 0.040181 0.042042
0.062500 0.842657 0.037500 0.024476
0.170000 0.842657 0.027500 0.021635
0.170000 0.864292 0.027500 0.011582
0.242500 0.840909 0.017812 0.033217
0.260313 0.840909 0.012188 0.033217
0.312500 0.840909 0.027500 0.024476
0.482500 0.837413 0.030000 0.027972
0.512500 0.837413 0.022500 0.027972